15
30
53
57
75
95
113
122
164
169
179
193
200
231
236
249
283
304
305
310
348
358
366
388
442
486
514
540
541
545
573
583
614
655
676
693
694
720
722
732
787
792
846
852
864
873
897
900
932
1005
1079
1129
1139
1150
1172
1219
1239
1240
1246
1249
1259
1267
1277
1304
1308
1325
1349
1367
1394
1415
1438
1451
1475
1535
1578
1604
1631
1633
1703
1708
1737
1738
1773
1777
1825
1832
1869
1879
1905
1958
1999
2026
2028
2042
2044
2052
2058
2087
2123
2144
2156
2173
2174
2189
2193
2248
2265
2269
2280
2376
2378
2382
2425
2428
2439
2442
2461
2501
2512
2557
2563
2588
2711
2744
2755
2758
2792
2810
2816
2828
2872
2885
2928
2935
2998
3006
3010
3011
3033
3045
3072
3075
3097
3105
3135
3175
3202
3247
3256
3269
3321
3324
3351
3386
3397
3430
3442
3460
3513
3525
3528
3558
3614
3641
3676
3678
3679
3683
3687
3689
3781
3798
3804
3847
3873
3921
4018
4030
4084
4087
4092
4147
4201
4225
4228
4271
4292
4321
4373
4383
4387
4388
4398
4512
4518
4524
4549
4553
4595
4614
4631
4769
4780
4807
4835
4859
4883
4885
4973
4977
4992
5001
5023
5095
5111
5159
5173
5179
5182
5193
5212
5226
5268
5323
5332
5381
5391
5409
5423
5439
5457
5489
5506
5514
5521
5539
5544
5577
5591
5632
5647
5649
5660
5679
5707
5813
5824
5850
5871
5890
5939
5941
5944
5976
6073
6075
6096
6147
6176
6210
6230
6284
6289
6304
6331
6344
6362
6377
6401
6448
6476
6482
6496
6498
6512
6539
6597
6608
6657
6675
6676
6688
6698
6740
6752
6755
6816
6843
6850
7069
7115
7187
7193
7211
7221
7235
7268
7286
7295
7341
7348
7351
7360
7390
7395
7413
7414
7429
7439
7466
7485
7486
7492
7505
7534
7587
7606
7624
7654
7665
7678
7679
7681
7726
7752
7804
7824
7827
7829
7852
7880
7891
7894
7908
7926
7928
7932
8017
8033
8054
8059
8072
8137
8163
8175
8179
8204
8263
8288
8297
8320
8371
8390
8391
8482
8491
8552
8559
8580
8603
8614
8623
8625
8642
8644
8659
8663
8675
8681
8709
8720
8732
8743
8771
8891
8904
8931
8948
8953
8978
8996
9050
9077
9109
9207
9213
9237
9268
9299
9335
9413
9440
9450
9536
9551
9565
9566
9570
9583
9645
9681
9759
9820
9871
9924
9987
9998
10003
10102
10145
10252
10268
10275
10346
10352
10428
10475
10480
10488
10502
10595
10655
10659
10752
10977
11052
11110
11134
11231
11311
11381
11417
11435
11438
11452
11469
11477
11492
11505
11524
11571
11589
11769
11844
11855
11907
11985
11991
12045
12051
12065
12078
12131
12142
12166
12192
12311
12322
12350
12389
12415
12458
12491
12499
12516
12524
12549
12582
12647
12692
12693
12706
12775
12849
12862
12884
12925
12973
12974
13033
13105
13166
13169
13184
13246
13332
13497
13508
13535
13537
13557
13571
13675
13788
13792
13825
13914
13946
13990
14011
14031
14042
14119
14132
14254
14290
14301
14328
14353
14357
14365
14391
14421
14581
14676
14755
14863
15020
15086
15139
15176
15190
15235
15346
15373
15545
15549
15651
15681
15685
15697
15819
15945
16125
16145
16146
16155
16244
16273
16394
16422
16427
16438
16444
16451
16480
16485
16536
16587
16632
16639
16650
16657
16662
16729
16749
16753
16787
16799
16818
16823
16900
16914
16926
16936
16983
16989
16995
17008
17028
17043
17070
17175
17216
17227
17230
17231
17258
17283
17294
17296
17299
17332
17341
17343
17352
17359
17360
17365
17394
17400
17428
17442
17452
17479
17509
17531
17565
17573
17596
17605
17610
17615
17637
17647
17649
17681
17686
17698
17724
17768
17819
17872
17881
17901
17908
17934
17941
17997
18003
18030
18044
18058
18065
18118
18121
18124
18137
18143
18158
18165
18184
18213
18249
18261
18267
18282
18300
18309
18320
18370
18391
18410
18456
18465
18471
18487
18514
18549
18595
18613
18645
18652
18700
18757
18818
18849
18878
18913
18933
18952
18972
18979
19003
19004
19021
19023
19025
19031
19034
19039
19080
19140
19146
19172
19188
19203
19224
19233
19317
19322
19328
19453
19460
19465
19470
19486
19531
19536
19580
19583
19587
19703
19739
19808
19826
19838
19854
19873
19878
19883
19891
19895
19905
19906
19919
19947
19968
19993
20010
20014
20022
20023
20030
20038
20105
20112
20124
20156
20167
20205
20213
20226
20232
20266
20270
20284
20287
20306
20323
20369
20391
20393
20456
20467
20490
20511
20517
20536
20539
20609
20623
20633
20648
20666
20674
20696
20711
20749
20770
20787
20796
20806
20810
20853
20856
20929
20940
20970
20977
20996
21072
21094
21108
21154
21157
21171
21188
21214
21222
21231
21259
21277
21292
21337
21353
21362
21374
21383
21404
21424
21460
21534
21584
21594
21682
21697
21710
21737
21772
21776
21900
21940
21952
22027
22051
22064
22076
22079
22102
22131
22183
22258
22269
22311
22357
22393
22407
22417
22500
22508
22530
22550
22573
22574
22575
22590
22594
22603
22698
22707
22713
22736
22765
22777
22781
22793
22835
22838
22857
22865
22874
22914
22924
23001
23032
23042
23072
23137
23221
23226
23228
23240
23272
23285
23289
23302
23336
23347
23382
23425
23483
23488
23510
23514
23515
23531
23543
23565
23571
23580
23598
23608
23634
23640
23642
23649
23652
23715
23723
23757
23777
23786
23789
23790
23809
23816
23830
23861
23862
23880
23921
23957
23969
23991
24002
24016
24019
24036
24043
24071
24073
24086
24117
24118
24172
24181
24182
24195
24202
24223
24254
24263
24282
24289
24320
24321
24343
24344
24389
24391
24422
24433
24456
24475
24482
24492
24545
24570
24575
24576
24586
24594
24597
24691
24704
24729
24771
24789
24813
24815
24827
24835
24853
24860
24874
24877
24881
24884
24891
24930
24939
24943
24947
24981
24992
25049
25099
25128
25139
25156
25179
25195
25205
25213
25215
25312
25348
25349
25369
25391
25426
25429
25434
25435
25437
25443
25489
25520
25549
25592
25610
25624
25637
25652
25661
25664
25665
25667
25673
25719
25757
25762
25765
25785
25799
25806
25812
25820
25830
25868
25871
25872
25880
25913
25938
25941
25945
25961
25970
25975
25988
26044
26059
26060
26094
26134
26187
26199
26204
26217
26230
26232
26236
26262
26354
26360
26394
26406
26415
26459
26468
26524
26548
26561
26592
26609
26624
26628
26632
26677
26716
26773
26827
26882
26907
26930
26966
26977
26993
27022
27047
27106
27165
27188
27203
27219
27224
27318
27319
27345
27347
27361
27368
27438
27491
27492
27543
27547
27548
27588
27625
27667
27674
27711
27742
27761
27791
27840
27870
27897
27914
27935
27941
28010
28012
28032
28067
28115
28129
28188
28202
28215
28263
28326
28331
28367
28394
28463
28473
28495
28525
28532
28599
28653
28678
28730
28731
28787
28811
28818
28828
28852
28871
28882
28887
28898
28899
28933
28959
28982
28987
28991
29033
29034
29047
29068
29096
29110
29226
29231
29249
29250
29251
29289
29292
29308
29353
29379
29534
29542
29567
29570
29574
29577
29611
29619
29654
29717
29721
29737
29744
29749
29756
29767
29768
29790
29846
29882
29905
29912
29932
29973
29997
30015
30080
30119
30158
30170
30202
30203
30209
30214
30236
30252
30265
30274
30316
30318
30349
30394
30395
30416
30465
30470
30491
30494
30533
30563
30569
30584
30591
30609
30618
30648
30655
30661
30662
30676
30719
30735
30736
30777
30800
30856
30872
30906
30930
30934
30957
30977
30982
30997
31122
31147
31149
31188
31195
31198
31200
31207
31268
31281
31295
31297
31303
31326
31364
31365
31367
31369
31394
31487
31507
31513
31521
31528
31567
31619
31659
31701
31732
31744
31764
31774
31792
31829
31840
31846
31855
31869
31880
31923
31953
31966
31969
32004
32160
32179
32200
32213
32233
32243
32257
32393
32399
32465
32531
32575
32583
32595
32607
32638
32669
32702
32747
32750
32797
32830
32917
32924
32954
33004
33018
33024
33029
33110
33113
33115
33124
33157
33182
33229
33239
33264
33314
33323
33351
33375
33394
33423
33446
33454
33512
33568
33579
33594
33638
33658
33676
33710
33714
33799
33805
33909
33917
33952
34010
34045
34049
34061
34062
34070
34071
34197
34258
34317
34318
34321
34325
34365
34387
34420
34441
34442
34508
34536
34715
34849
34898
34943
34966
35036
35097
35143
35159
35191
35257
35301
35336
35352
35396
35402
35537
35550
35574
35628
35660
35720
35738
35742
35766
35771
35792
35838
35839
35863
35919
35977
36039
36099
36108
36153
36179
36204
36205
36208
36240
36254
36341
36342
36351
36367
36376
36485
36495
36502
36506
36565
36571
36581
36602
36616
36653
36669
36682
36735
36744
36751
36789
36868
36944
36950
36984
36999
37016
37112
37212
37225
37275
37307
37316
37342
37352
37354
37375
37401
37468
37480
37545
37552
37577
37584
37596
37622
37629
37663
37683
37707
37773
37815
37870
37871
37879
37957
37965
37977
38065
38120
38147
38190
38203
38214
38219
38221
38229
38231
38232
38235
38260
38290
38291
38296
38315
38363
38402
38413
38426
38438
38441
38463
38506
38560
38563
38587
38591
38626
38650
38655
38656
38665
38679
38698
38702
38726
38737
38876
38914
38917
38920
38921
38922
38932
38936
38946
38951
38960
38972
38973
38977
38983
39005
39009
39021
39029
39061
39087
39095
39097
39170
39190
39197
39209
39215
39232
39235
39280
39283
39294
39310
39336
39384
39386
39437
39455
39483
39492
39550
39563
39565
39582
39612
39649
39650
39652
39654
39686
39690
39697
39709
39710
39743
39765
39773
39781
39782
39800
39830
39833
39846
39849
39866
39878
39887
39892
39929
39939
39986
40002
40004
40026
40047
40050
40060
40062
40069
40074
40077
40080
40091
40098
40102
40127
40128
40142
40165
40172
40219
40259
40291
40293
40313
40322
40329
40343
40348
40362
40386
40402
40418
40421
40435
40436
40450
40483
40522
40532
40561
40568
40578
40586
40591
40592
40604
40618
40648
40651
40688
40696
40730
40731
40741
40743
40767
40785
40800
40803
40816
40826
40848
40884
40898
40904
40939
40952
40965
40967
40991
41027
41055
41079
41088
41091
41101
41105
41143
41162
41163
41166
41167
41185
41208
41226
41236
41241
41244
41255
41276
41280
41299
41301
41330
41332
41364
41368
41376
41388
41390
41435
41437
41461
41469
41495
41499
41509
41515
41527
41554
41572
41577
41579
41613
41633
41636
41642
41665
41684
41715
41739
41752
41773
41830
41841
41845
41889
41893
41894
41908
41909
41950
41980
42010
42022
42045
42058
42082
42084
42085
42121
42153
42160
42202
42233
42241
42254
42271
42323
42330
42378
42379
42396
42412
42428
42429
42469
42476
42504
42531
42591
42613
42637
42639
42677
42681
42702
42704
42727
42742
42745
42777
42797
42804
42805
42829
42889
42890
42902
42903
42905
42937
42941
42960
42969
42973
43005
43023
43036
43043
43052
43054
43099
43127
43142
43155
43156
43160
43166
43170
43201
43204
43220
43231
43251
43257
43276
43285
43300
43344
43366
43380
43395
43397
43405
43415
43425
43449
43458
43464
43471
43494
43571
43586
43595
43598
43601
43602
43619
43639
43659
43672
43706
43707
43717
43724
43733
43735
43736
43738
43780
43788
43796
43843
43844
43853
43859
43874
43905
43910
43932
43969
43972
44002
44009
44022
44024
44043
44044
44056
44060
44071
44125
44129
44130
44155
44165
44166
44186
44236
44240
44256
44258
44264
44265
44274
44301
44302
44318
44337
44344
44346
44349
44359
44392
44395
44399
44404
44407
44409
44413
44416
44423
44471
44515
44533
44542
44545
44561
44593
44619
44630
44645
44656
44659
44677
44707
44722
44745
44750
44769
44773
44778
44798
44819
44823
44838
44839
44860
44870
44884
44891
44941
44963
44986
44991
45028
45030
45034
45035
45049
45053
45073
45097
45101
45103
45107
45124
45133
45135
45140
45174
45178
45197
45252
45256
45269
45307
45323
45326
45341
45348
45371
45388
45392
45393
45399
45412
45437
45450
45455
45472
45503
45534
45539
45586
45601
45622
45642
45725
45757
45779
45787
45789
45801
45807
45920
45923
45932
45944
45965
45968
45979
45986
45989
46005
46010
46026
46063
46072
46078
46079
46086
46102
46103
46123
46124
46126
46127
46159
46167
46238
46243
46253
46287
46311
46315
46327
46340
46346
46369
46419
46427
46447
46484
46497
46509
46537
46551
46552
46558
46559
46561
46573
46576
46586
46587
46602
46629
46669
46703
46719
46757
46765
46767
46772
46791
46793
46810
46818
46829
46836
46849
46854
46858
46864
46875
46890
46899
46911
46914
46920
46941
46946
46952
46954
46981
47019
47036
47037
47045
47049
47099
47108
47119
47121
47133
47134
47149
47151
47158
47161
47176
47195
47225
47236
47258
47264
47267
47290
47293
47296
47302
47307
47338
47342
47371
47383
47396
47422
47423
47453
47455
47467
47476
47483
47491
47512
47515
47519
47541
47556
47570
47582
47585
47608
47620
47639
47675
47679
47698
47730
47767
47775
47788
47791
47837
47847
47961
48001
48011
48013
48034
48057
48066
48081
48111
48112
48123
48137
48178
48201
48224
48252
48254
48257
48265
48284
48286
48307
48319
48328
48331
48342
48386
48398
48411
48419
48423
48428
48430
48440
48442
48459
48463
48472
48478
48481
48483
48493
48500
48505
48509
48528
48538
48549
48559
48566
48623
48639
48658
48672
48710
48711
48740
48743
48749
48754
48792
48794
48805
48831
48844
48894
48922
48943
48946
48950
48961
48963
48966
48967
48976
48983
48997
49007
49021
49035
49043
49045
49053
49063
49069
49071
49075
49167
49180
49189
49192
49206
49212
49241
49257
49283
49291
49314
49334
49393
49415
49438
49499
49538
49539
49565
49600
49604
49609
49651
49652
49684
49693
49707
49737
49744
49746
49748
49756
49757
49761
49764
49783
49785
49812
49818
49831
49838
49868
49885
49895
49897
49924
49929
49935
49942
49950
49962
49966
49976
49986
49988
49996
49998
