13
31
36
37
54
55
59
77
79
88
105
108
121
124
163
167
172
218
234
252
257
280
281
296
301
313
314
337
352
356
380
386
412
415
425
429
463
465
495
497
547
558
565
575
595
596
604
606
631
648
652
702
708
777
781
796
805
809
836
854
855
911
957
976
987
988
1002
1019
1033
1038
1060
1061
1113
1116
1126
1140
1141
1148
1157
1185
1191
1199
1201
1286
1300
1301
1307
1315
1341
1375
1397
1398
1408
1417
1471
1472
1526
1548
1583
1593
1608
1623
1629
1644
1645
1655
1656
1658
1680
1705
1727
1730
1739
1743
1766
1779
1794
1804
1828
1830
1833
1872
1891
1901
1908
1919
1941
1964
1968
1987
1992
2011
2024
2054
2061
2063
2095
2096
2099
2106
2115
2119
2143
2154
2186
2209
2223
2231
2233
2270
2278
2286
2288
2291
2306
2314
2317
2319
2322
2331
2389
2392
2403
2407
2412
2413
2431
2433
2437
2441
2447
2462
2470
2482
2497
2505
2509
2519
2524
2550
2554
2567
2571
2592
2613
2620
2629
2632
2634
2636
2644
2648
2655
2669
2703
2712
2732
2753
2809
2814
2823
2851
2881
2893
2901
2910
2930
2942
2946
2948
2955
2968
2975
2984
2988
3000
3017
3030
3062
3074
3084
3086
3095
3111
3132
3140
3142
3159
3163
3176
3178
3239
3251
3259
3268
3270
3272
3279
3287
3297
3306
3315
3402
3403
3404
3429
3431
3452
3453
3464
3481
3489
3499
3500
3504
3508
3531
3547
3568
3583
3604
3615
3622
3633
3635
3663
3677
3680
3694
3698
3700
3701
3702
3716
3721
3727
3736
3765
3785
3797
3802
3824
3828
3844
3857
3867
3876
3883
3891
3951
3957
4040
4068
4070
4093
4105
4112
4118
4141
4189
4193
4221
4226
4239
4244
4258
4266
4278
4303
4319
4328
4365
4375
4379
4381
4384
4393
4403
4408
4415
4417
4448
4455
4466
4467
4470
4471
4475
4482
4493
4499
4515
4541
4542
4543
4570
4604
4611
4620
4622
4630
4667
4680
4685
4688
4695
4696
4729
4732
4760
4770
4782
4784
4819
4829
4834
4861
4869
4878
4881
4882
4907
4919
4961
5009
5020
5026
5040
5049
5070
5092
5096
5105
5109
5112
5115
5119
5128
5194
5216
5219
5236
5245
5247
5256
5269
5284
5296
5303
5309
5311
5319
5321
5333
5374
5377
5384
5406
5416
5424
5425
5437
5461
5471
5474
5492
5515
5540
5553
5561
5570
5571
5623
5667
5709
5718
5738
5753
5770
5777
5779
5795
5797
5805
5826
5833
5834
5844
5863
5869
5927
5983
6016
6062
6084
6121
6128
6149
6167
6168
6212
6227
6237
6244
6249
6273
6275
6278
6291
6309
6314
6356
6378
6410
6445
6453
6495
6505
6516
6521
6524
6531
6533
6536
6540
6567
6569
6575
6594
6613
6617
6622
6640
6672
6679
6702
6705
6775
6783
6784
6803
6806
6807
6822
6845
6887
6896
6904
6913
6934
6951
6979
6989
7009
7035
7060
7079
7081
7098
7117
7146
7172
7181
7185
7195
7196
7205
7210
7236
7254
7273
7285
7287
7306
7331
7350
7362
7369
7396
7420
7428
7434
7441
7450
7459
7467
7476
7512
7516
7521
7591
7609
7645
7649
7674
7689
7714
7719
7731
7771
7780
7791
7814
7841
7844
7851
7888
7895
7899
7917
7937
7953
7961
7994
8014
8026
8036
8037
8038
8061
8073
8075
8084
8106
8147
8201
8214
8216
8220
8247
8262
8276
8277
8305
8311
8340
8349
8358
8361
8363
8377
8392
8409
8413
8415
8427
8440
8441
8458
8464
8480
8505
8508
8529
8550
8592
8596
8610
8622
8647
8648
8653
8696
8700
8704
8718
8727
8736
8742
8745
8749
8755
8767
8787
8799
8805
8814
8819
8830
8836
8840
8861
8916
8918
8920
8959
8975
9014
9027
9051
9062
9088
9089
9095
9099
9102
9154
9161
9163
9177
9199
9201
9211
9226
9242
9245
9249
9271
9298
9310
9325
9348
9358
9371
9390
9400
9434
9478
9482
9500
9520
9521
9523
9550
9555
9556
9598
9605
9611
9619
9686
9694
9697
9710
9722
9744
9753
9755
9758
9769
9778
9828
9830
9836
9844
9866
9910
9916
9918
9921
9928
9981
9990
10023
10034
10040
10050
10088
10108
10126
10152
10177
10178
10204
10213
10220
10265
10266
10282
10286
10296
10345
10350
10369
10395
10406
10422
10434
10445
10452
10481
10526
10528
10536
10572
10588
10594
10652
10670
10713
10721
10730
10732
10761
10767
10780
10783
10791
10794
10806
10845
10848
10874
10881
10887
10900
10908
10918
10930
10958
10968
10981
10988
10996
11065
11141
11143
11147
11149
11155
11175
11185
11194
11222
11240
11285
11298
11331
11343
11351
11410
11439
11482
11517
11531
11617
11620
11629
11634
11642
11649
11652
11666
11681
11684
11699
11704
11730
11741
11758
11781
11813
11825
11829
11851
11853
11896
11988
11995
12020
12039
12041
12052
12054
12058
12066
12072
12086
12107
12124
12135
12168
12186
12189
12199
12220
12222
12236
12245
12280
12314
12329
12356
12374
12375
12376
12390
12400
12425
12438
12439
12450
12454
12460
12470
12473
12475
12513
12517
12539
12540
12541
12572
12576
12591
12598
12638
12641
12654
12687
12697
12709
12722
12739
12741
12742
12747
12770
12776
12794
12802
12816
12832
12854
12860
12904
12907
12914
12920
12934
12937
12943
12975
12979
13001
13023
13042
13051
13058
13084
13097
13101
13102
13109
13134
13145
13153
13157
13174
13177
13200
13207
13221
13236
13255
13258
13278
13285
13318
13335
13355
13368
13379
13390
13408
13417
13423
13429
13449
13459
13482
13533
13542
13553
13558
13581
13589
13600
13602
13630
13631
13632
13633
13644
13645
13649
13661
13666
13671
13689
13703
13707
13719
13720
13725
13753
13765
13781
13789
13796
13798
13807
13812
13822
13838
13840
13855
13858
13869
13892
13898
13912
13913
13922
13933
14029
14050
14059
14064
14088
14101
14103
14108
14109
14157
14163
14179
14183
14221
14233
14237
14240
14265
14273
14275
14313
14314
14356
14362
14415
14432
14437
14486
14504
14510
14511
14523
14534
14554
14560
14575
14588
14605
14608
14628
14641
14645
14656
14665
14666
14681
14688
14711
14713
14714
14722
14738
14742
14743
14762
14764
14779
14781
14790
14812
14837
14856
14868
14869
14870
14882
14885
14889
14906
14912
14931
14933
14960
14965
15010
15030
15042
15043
15056
15060
15061
15062
15092
15115
15121
15123
15132
15133
15146
15165
15195
15228
15232
15297
15320
15358
15371
15374
15394
15397
15403
15404
15412
15422
15431
15466
15486
15495
15497
15499
15503
15508
15517
15526
15527
15529
15532
15551
15558
15561
15569
15576
15585
15591
15611
15612
15645
15695
15704
15708
15716
15727
15746
15755
15777
15789
15811
15836
15854
15880
15884
15899
15901
15912
15913
15954
15991
16003
16029
16031
16034
16044
16076
16078
16092
16116
16133
16178
16188
16202
16214
16236
16243
16256
16275
16294
16304
16333
16352
16357
16366
16408
16455
16492
16514
16516
16532
16584
16592
16620
16640
16651
16676
16690
16721
16743
16748
16767
16782
16795
16813
16826
16831
16895
16917
16937
16964
17020
17021
17022
17038
17090
17156
17164
17172
17199
17207
17228
17263
17265
17271
17301
17304
17305
17313
17326
17334
17335
17367
17380
17381
17388
17455
17483
17493
17519
17537
17599
17608
17624
17654
17676
17699
17702
17735
17741
17770
17788
17807
17839
17853
17916
17917
17944
17963
17967
17970
17974
17981
18035
18214
18221
18250
18251
18264
18272
18280
18368
18401
18414
18486
18489
18500
18538
18588
18589
18639
18648
18656
18678
18704
18730
18731
18742
18749
18770
18841
18843
18876
18894
18903
18904
18907
18941
18978
18982
19035
19049
19050
19053
19066
19103
19116
19129
19155
19157
19158
19182
19193
19238
19269
19270
19271
19341
19344
19433
19463
19509
19514
19573
19594
19665
19678
19708
19720
19742
19744
19748
19762
19767
19773
19785
19810
19819
19831
19887
19890
19913
19914
19915
19923
19936
19939
19984
20045
20051
20062
20083
20135
20150
20152
20160
20198
20231
20234
20240
20278
20283
20293
20335
20339
20377
20401
20410
20425
20427
20428
20447
20455
20473
20477
20572
20586
20589
20590
20599
20613
20615
20618
20631
20636
20670
20687
20689
20702
20718
20752
20798
20800
20807
20817
20840
20872
20881
20917
20920
20930
20958
20991
21001
21021
21039
21041
21068
21080
21095
21101
21139
21185
21279
21308
21312
21313
21412
21434
21453
21469
21500
21505
21511
21526
21569
21574
21616
21637
21640
21643
21658
21680
21690
21706
21712
21770
21809
21878
21916
21917
21920
21954
21958
21976
22055
22062
22109
22189
22212
22221
22225
22241
22265
22267
22301
22317
22326
22331
22388
22408
22480
22489
22492
22563
22623
22714
22774
22792
22823
22880
22936
22972
22984
22997
23008
23047
23051
23068
23090
23115
23166
23207
23255
23343
23400
23422
23430
23446
23482
23523
23529
23534
23595
23619
23682
23690
23706
23729
23747
23748
23801
23891
23899
23954
23962
24049
24087
24093
24095
24159
24163
24175
24190
24196
24213
24222
24267
24269
24403
24409
24487
24512
24550
24558
24559
24636
24666
24705
24718
24858
24869
24936
24940
24945
24966
24979
25000
25011
25024
25043
25050
25063
25116
25171
25191
25239
25246
25254
25287
25293
25324
25326
25346
25356
25457
25471
25473
25485
25500
25512
25525
25552
25568
25594
25597
25620
25621
25632
25639
25642
25649
25669
25676
25701
25742
25763
25773
25779
25788
25796
25813
25846
25851
25854
25860
25864
25936
25942
25980
26008
26022
26025
26026
26067
26068
26087
26090
26098
26101
26102
26121
26126
26139
26153
26170
26197
26214
26276
26277
26285
26292
26293
26295
26305
26321
26346
26385
26390
26430
26438
26486
26501
26503
26596
26598
26680
26683
26703
26715
26750
26762
26769
26786
26787
26793
26796
26813
26829
26837
26843
26845
26851
26856
26867
26898
26919
26945
26947
26975
26978
26989
26998
27004
27013
27014
27025
27026
27031
27039
27040
27055
27060
27083
27093
27098
27110
27127
27149
27204
27215
27229
27231
27307
27339
27360
27426
27430
27433
27447
27476
27480
27509
27535
27647
27661
27678
27697
27705
27777
27796
27824
27841
27853
27867
27871
27918
27999
28017
28049
28089
28126
28133
28141
28154
28176
28194
28211
28219
28225
28228
28243
28292
28309
28312
28362
28374
28379
28399
28405
28423
28424
28426
28428
28464
28506
28524
28527
28541
28570
28583
28601
28613
28618
28651
28681
28685
28700
28709
28739
28742
28755
28758
28762
28783
28802
28817
28823
28826
28848
28858
28859
28885
28890
28891
28906
28920
28922
28925
28931
28932
28942
28993
28994
29020
29049
29065
29094
29102
29132
29150
29152
29171
29198
29201
29206
29265
29269
29295
29297
29301
29309
29319
29360
29383
29421
29422
29447
29466
29472
29475
29476
29518
29565
29571
29587
29602
29606
29639
29642
29650
29670
29673
29674
29683
29686
29711
29734
29801
29808
29809
29825
29829
29833
29843
29855
29889
29917
29922
29951
29976
29994
29996
30021
30023
30036
30047
30057
30072
30083
30106
30116
30126
30148
30151
30176
30187
30217
30221
30247
30262
30286
30342
30376
30415
30441
30481
30486
30518
30524
30545
30553
30562
30564
30567
30582
30588
30598
30605
30616
30628
30632
30688
30715
30725
30726
30752
30758
30786
30803
30810
30822
30877
30881
30913
30919
30960
30981
30983
30986
30996
31005
31024
31038
31045
31075
31082
31083
31088
31106
31128
31136
31139
31142
31159
31172
31197
31205
31208
31229
31233
31238
31243
31286
31300
31309
31310
31376
31397
31402
31403
31429
31438
31458
31464
31477
31496
31516
31524
31527
31540
31553
31569
31570
31572
31575
31583
31605
31614
31615
31624
31651
31654
31702
31719
31728
31730
31736
31756
31759
31760
31762
31776
31810
31819
31828
31856
31886
31889
31904
31911
31939
31961
31967
31977
31993
32009
32038
32041
32066
32079
32087
32115
32121
32140
32152
32153
32185
32187
32191
32197
32217
32221
32230
32239
32242
32253
32255
32281
32304
32327
32360
32362
32410
32433
32439
32456
32461
32462
32479
32486
32498
32513
32514
32526
32537
32541
32596
32611
32613
32619
32631
32632
32639
32659
32670
32690
32699
32707
32745
32756
32763
32767
32774
32778
32787
32793
32805
32820
32821
32835
32855
32865
32867
32885
32920
32946
32974
32988
33001
33022
33040
33054
33074
33090
33096
33134
33138
33156
33174
33176
33187
33194
33211
33225
33253
33295
33304
33305
33312
33316
33320
33332
33341
33353
33391
33405
33519
33522
33523
33534
33544
33562
33573
33586
33614
33617
33628
33655
33659
33668
33697
33716
33717
33720
33741
33747
33760
33766
33797
33800
33811
33836
33844
33850
33861
33897
33898
33908
33924
33954
33955
33967
33974
33980
34009
34057
34083
34225
34252
34274
34277
34298
34316
34320
34341
34344
34372
34376
34398
34459
34511
34523
34549
34551
34556
34564
34584
34594
34601
34617
34630
34727
34730
34740
34742
34758
34759
34802
34832
34837
34846
34879
34884
34930
34945
35025
35042
35055
35082
35122
35133
35175
35194
35203
35313
35315
35320
35341
35363
35365
35370
35374
35383
35450
35460
35480
35481
35525
35532
35540
35543
35562
35591
35602
35627
35651
35656
35679
35707
35714
35730
35740
35750
35779
35782
35784
35791
35793
35800
35805
35809
35813
35825
35831
35833
35872
35884
35897
35898
35899
35905
35921
35959
35971
35986
35991
35994
35999
36005
36009
36028
36030
36042
36083
36087
36174
36178
36190
36193
36217
36221
36233
36236
36259
36271
36298
36299
36306
36343
36345
36358
36363
36433
36439
36459
36466
36472
36474
36501
36504
36520
36556
36560
36567
36573
36574
36586
36587
36614
36625
36639
36651
36656
36697
36702
36726
36731
36734
36738
36750
36755
36764
36769
36796
36811
36861
36866
36882
36900
36931
36946
36947
36954
36964
36965
36975
36976
36983
37008
37087
37110
37159
37161
37177
37227
37271
37272
37279
37284
37302
37313
37334
37340
37349
37412
37427
37445
37488
37508
37565
37573
37576
37597
37608
37615
37635
37660
37722
37764
37771
37819
37820
37829
37850
37875
37877
37891
37900
37901
37902
37938
37945
37946
37964
37967
38002
38016
38030
38039
38139
38159
38177
38178
38194
38206
38209
38217
38218
38227
38258
38283
38285
38286
38294
38295
38335
38383
38424
38446
38458
38462
38488
38492
38495
38496
38532
38542
38555
38559
38561
38566
38568
38574
38592
38631
38633
38637
38642
38658
38662
38673
38677
38694
38701
38710
38712
38723
38752
38753
38779
38788
38796
38803
38819
38820
38833
38836
38839
38845
38852
38861
38863
38888
38890
38903
38924
38933
38947
38989
38991
39000
39018
39022
39039
39045
39057
39058
39063
39094
39104
39133
39138
39145
39149
39164
39165
39168
39173
39183
39205
39213
39216
39217
39223
39270
39298
39320
39323
39324
39362
39379
39385
39389
39402
39408
39415
39449
39473
39491
39510
39522
39567
39581
39587
39611
39628
39634
39651
39677
39691
39746
39750
39760
39763
39788
39845
39848
39850
39863
39868
39889
39907
39919
39959
39961
39963
39988
39997
40018
40045
40057
40067
40075
40083
40085
40103
40110
40119
40126
40144
40149
40155
40180
40207
40211
40215
40225
40250
40282
40304
40310
40312
40314
40319
40397
40466
40475
40524
40535
40622
40680
40697
40699
40709
40736
40738
40742
40751
40773
40778
40801
40822
40836
40837
40865
40901
40927
40930
40933
40958
40970
40982
40992
41034
41097
41118
41133
41135
41146
41180
41190
41193
41229
41258
41266
41267
41321
41324
41386
41396
41445
41451
41465
41470
41482
41496
41511
41524
41526
41535
41545
41550
41551
41597
41602
41609
41610
41614
41624
41668
41682
41688
41698
41710
41721
41738
41758
41854
41864
41881
41890
41896
41899
41905
41906
41910
41932
41941
41945
41978
42002
42033
42035
42041
42046
42064
42069
42080
42092
42097
42122
42123
42126
42131
42132
42143
42148
42151
42155
42181
42197
42209
42223
42230
42231
42258
42290
42298
42302
42304
42312
42320
42329
42337
42347
42355
42388
42400
42406
42411
42418
42434
42457
42488
42519
42528
42552
42562
42568
42574
42576
42582
42596
42609
42611
42622
42624
42641
42653
42654
42658
42670
42683
42716
42719
42741
42743
42750
42770
42806
42824
42847
42862
42878
42882
42924
42936
42942
43013
43061
43070
43077
43081
43087
43093
43096
43105
43109
43110
43113
43117
43118
43119
43126
43141
43147
43187
43216
43222
43236
43244
43245
43252
43261
43278
43312
43313
43317
43322
43332
43360
43386
43391
43396
43398
43416
43429
43444
43477
43495
43499
43506
43568
43575
43581
43584
43604
43609
43666
43703
43705
43708
43740
43765
43783
43807
43815
43826
43846
43868
43884
43886
43890
43894
43942
43943
43960
43985
44038
44054
44062
44068
44070
44104
44109
44110
44128
44133
44134
44140
44143
44150
44156
44158
44162
44172
44183
44194
44227
44234
44235
44241
44247
44249
44273
44286
44299
44340
44375
44384
44385
44391
44406
44412
44414
44418
44421
44434
44455
44543
44567
44583
44587
44598
44623
44638
44653
44655
44664
44666
44693
44700
44718
44731
44737
44741
44742
44759
44760
44761
44764
44766
44777
44809
44843
44851
44882
44887
44892
44914
44957
44997
45025
45059
45062
45070
45100
45102
45122
45128
45185
45198
45225
45235
45238
45243
45259
45264
45265
45272
45283
45285
45293
45300
45322
45337
45340
45350
45356
45362
45410
45413
45427
45456
45460
45484
45493
45494
45495
45497
45501
45506
45516
45517
45523
45524
45528
45556
45562
45575
45580
45585
45596
45603
45610
45623
45647
45648
45659
45672
45676
45679
45693
45698
45702
45705
45740
45764
45781
45788
45792
45793
45794
45808
45822
45828
45845
45869
45874
45888
45891
45892
45901
45910
45914
45916
45925
45935
45947
45956
45977
45982
46012
46015
46070
46081
46082
46085
46088
46094
46104
46120
46134
46143
46146
46151
46170
46186
46192
46208
46216
46236
46275
46277
46288
46301
46303
46317
46319
46325
46326
46329
46351
46354
46356
46376
46380
46400
46439
46446
46460
46492
46501
46508
46530
46543
46549
46562
46565
46581
46589
46594
46598
46614
46666
46682
46702
46721
46734
46759
46764
46779
46782
46785
46800
46812
46817
46834
46839
46843
46857
46879
46904
46907
46909
46944
46951
46958
46990
46993
46996
47004
47016
47020
47030
47033
47039
47042
47069
47073
47093
47127
47132
47140
47142
47145
47146
47147
47148
47166
47171
47179
47185
47192
47216
47229
47237
47238
47270
47272
47278
47295
47298
47300
47304
47324
47328
47343
47354
47355
47362
47372
47379
47382
47386
47390
47449
47451
47458
47465
47473
47490
47497
47499
47507
47508
47525
47553
47559
47576
47581
47601
47605
47606
47621
47623
47627
47636
47638
47652
47664
47668
47678
47680
47748
47751
47753
47776
47779
47805
47806
47807
47829
47851
47855
47858
47860
47862
47865
47874
47880
47884
47890
47948
47950
47963
48016
48017
48037
48055
48067
48071
48084
48106
48109
48132
48135
48145
48156
48158
48164
48171
48179
48182
48220
48225
48290
48292
48293
48311
48312
48327
48333
48336
48338
48346
48360
48365
48367
48382
48387
48399
48431
48437
48439
48441
48451
48479
48506
48512
48531
48535
48543
48544
48548
48552
48593
48607
48624
48634
48648
48657
48670
48709
48714
48720
48742
48756
48858
48863
48865
48872
48875
48878
48882
48888
48896
48909
48910
48916
48919
48949
48955
48960
48972
48981
48998
49057
49089
49093
49106
49116
49148
49149
49156
49159
49174
49182
49230
49235
49262
49263
49264
49265
49287
49303
49313
49315
49318
49344
49347
49374
49399
49427
49433
49436
49447
49457
49461
49469
49478
49524
49540
49542
49543
49544
49560
49601
49611
49627
49655
49659
49664
49667
49708
49722
49729
49731
49751
49758
49787
49792
49796
49800
49806
49819
49821
49837
49857
49862
49877
49905
49907
49912
49937
49953
49967
49985
