1
3
6
8
9
11
12
13
14
19
21
22
25
29
31
32
35
36
37
39
40
42
43
45
50
51
54
55
59
60
65
67
69
71
73
76
77
78
79
80
81
85
88
90
97
102
105
108
110
111
114
116
117
118
120
121
124
125
126
127
128
129
130
133
137
139
140
142
143
145
146
147
148
150
152
153
154
155
161
162
163
165
166
167
172
174
175
178
182
184
186
188
189
192
194
195
197
199
202
203
207
208
211
213
214
215
217
218
219
224
226
227
228
229
230
232
234
237
239
241
242
243
246
251
252
253
254
257
259
260
261
263
265
267
268
272
273
274
280
281
282
284
285
287
288
292
293
294
296
298
300
301
307
309
311
312
313
314
316
322
325
326
327
329
330
331
332
335
336
337
338
341
342
343
346
350
352
353
356
359
360
361
362
364
368
371
374
375
376
378
379
380
382
383
386
390
391
393
396
399
400
401
402
403
404
406
408
409
410
411
412
414
415
417
419
421
422
424
425
426
427
429
431
432
436
437
440
444
447
449
450
452
455
458
460
463
464
465
466
468
469
470
473
474
478
479
480
483
485
488
491
492
493
495
496
497
499
500
501
505
506
507
508
510
515
516
517
519
520
523
524
526
528
529
532
533
536
537
539
542
543
547
549
550
551
555
556
557
558
559
560
561
562
564
565
567
568
571
574
575
576
578
579
581
582
587
588
590
592
594
595
596
597
599
600
604
606
607
608
609
611
612
615
618
619
620
624
625
626
631
632
633
637
638
645
646
647
648
651
652
654
656
657
658
659
660
661
663
665
667
670
671
674
675
677
678
679
680
682
683
684
687
691
692
696
697
698
699
702
703
704
705
706
708
709
711
712
719
724
725
726
728
730
733
736
740
741
742
745
748
750
753
757
758
759
760
765
768
769
770
773
775
776
777
781
782
783
793
796
797
798
799
801
805
809
810
811
812
813
815
824
826
827
828
829
830
832
836
837
838
839
840
843
844
848
850
853
854
855
860
862
863
865
866
