7
15
30
41
44
53
57
74
75
95
112
113
122
123
164
169
179
193
200
201
231
236
249
271
283
304
305
310
328
333
348
358
363
366
388
442
486
489
514
530
534
540
541
545
569
573
583
614
639
649
655
676
693
694
720
722
732
787
792
806
846
852
864
873
897
900
916
918
923
932
933
962
966
996
1003
1005
1072
1079
1129
1139
1150
1161
1172
1180
1219
1230
1233
1237
1239
1240
1246
1249
1259
1267
1271
1277
1304
1308
1325
1329
1349
1352
1367
1394
1414
1415
1416
1418
1423
1424
1438
1451
1475
1531
1535
1578
1604
1631
1633
1696
1703
1708
1737
1738
1773
1777
1798
1799
1825
1832
1844
1848
1869
1879
1905
1917
1938
1958
1960
1999
2006
2026
2028
2042
2044
2052
2058
2087
2091
2123
2142
2144
2156
2159
2169
2173
2174
2175
2189
2193
2224
2248
2258
2265
2269
2280
2281
2323
2376
2378
2382
2425
2428
2429
2439
2442
2461
2484
2501
2512
2532
2557
2563
2572
2588
2711
2743
2744
2755
2758
2777
2789
2790
2792
2810
2816
2828
2843
2848
2860
2872
2885
2928
2935
2981
2998
3006
3010
3011
3012
3033
3045
3072
3075
3082
3097
3105
3135
3175
3202
3235
3247
3256
3269
3296
3304
3321
3322
3324
3329
3351
3355
3361
3384
3386
3397
3417
3422
3430
3434
3442
3460
3465
3466
3492
3513
3525
3528
3558
3560
3575
3614
3641
3661
3676
3678
3679
3683
3687
3688
3689
3718
3764
3780
3781
3793
3798
3804
3814
3836
3837
3841
3847
3873
3890
3895
3902
3909
3921
3926
3964
4018
4022
4030
4035
4066
4082
4084
4087
4092
4101
4147
4195
4196
4201
4225
4228
4256
4271
4292
4321
4345
4366
4373
4374
4383
4387
4388
4398
4411
4422
4424
4458
4488
4498
4502
4512
4518
4524
4532
4549
4553
4587
4595
4598
4614
4618
4631
4728
4734
4740
4752
4754
4764
4767
4769
4780
4783
4793
4807
4835
4859
4877
4883
4885
4894
4897
4900
4928
4953
4973
4977
4992
5001
5019
5023
5027
5041
5044
5046
5063
5067
5095
5111
5137
5159
5173
5178
5179
5182
5193
5212
5222
5225
5226
5243
5258
5268
5270
5323
5332
5357
5373
5381
5391
5409
5417
5423
5430
5439
5457
5475
5482
5489
5496
5506
5507
5514
5521
5526
5529
5539
5544
5550
5552
5567
5577
5591
5596
5600
5602
5604
5632
5647
5649
5660
5679
5702
5707
5726
5754
5765
5813
5821
5824
5829
5850
5852
5868
5871
5881
5885
5890
5906
5938
5939
5941
5944
5956
5967
5976
5990
6000
6009
6027
6063
6066
6073
6075
6096
6103
6122
6130
6147
6176
6197
6210
6216
6230
6231
6261
6280
6284
6289
6304
6331
6344
6362
6366
6377
6389
6400
6401
6448
6458
6476
6482
6496
6498
6512
6539
6542
6597
6608
6612
6657
6665
6670
6675
6676
6687
6688
6698
6740
6752
6755
6789
6816
6843
6850
6874
6888
6894
6898
6937
6987
6994
7048
7061
7069
7107
7115
7154
7164
7187
7193
7211
7221
7235
7262
7268
7276
7286
7293
7295
7307
7311
7341
7348
7349
7351
7360
7390
7395
7413
7414
7424
7429
7431
7439
7456
7466
7485
7486
7492
7505
7531
7534
7584
7586
7587
7606
7624
7654
7662
7665
7678
7679
7681
7705
7706
7726
7738
7742
7752
7769
7792
7804
7824
7827
7829
7852
7863
7880
7891
7894
7908
7923
7926
7928
7932
7987
8015
8017
8024
8033
8054
8059
8072
8099
8137
8163
8167
8175
8179
8204
8263
8282
8288
8297
8299
8320
8330
8345
8371
8390
8391
8437
8445
8482
8491
8551
8552
8559
8580
8603
8614
8619
8623
8625
8642
8644
8659
8663
8671
8675
8680
8681
8698
8709
8720
8732
8743
8771
8807
8891
8904
8919
8931
8948
8953
8978
8980
8996
9002
9023
9024
9028
9050
9064
9077
9109
9207
9209
9213
9221
9237
9238
9250
9251
9262
9268
9292
9299
9304
9333
9335
9403
9407
9411
9413
9439
9440
9450
9480
9495
9509
9517
9522
9536
9551
9565
9566
9570
9576
9583
9593
9595
9645
9661
9681
9703
9739
9759
9766
9771
9775
9784
9818
9820
9842
9871
9892
9907
9919
9924
9929
9931
9987
9998
10003
10009
10035
10038
10044
10091
10102
10145
10197
10252
10259
10268
10275
10346
10352
10361
10362
10403
10419
10428
10431
10475
10480
10488
10502
10595
10597
10646
10655
10659
10690
10752
10769
10834
10863
10871
10894
10905
10931
10947
10963
10967
10977
10985
10999
11021
11022
11052
11071
11110
11134
11153
11189
11195
11231
11265
11311
11345
11381
11417
11435
11438
11452
11469
11477
11492
11505
11524
11571
11583
11589
11598
11607
11628
11672
11742
11754
11769
11844
11855
11907
11944
11985
11989
11991
12030
12045
12047
12051
12065
12076
12078
12096
12111
12131
12142
12152
12165
12166
12192
12208
12218
12223
12226
12261
12285
12311
12322
12350
12351
12389
12415
12423
12426
12458
12480
12491
12493
12499
12503
12512
12516
12524
12549
12582
12583
12618
12625
12647
12652
12666
12676
12682
12688
12692
12693
12700
12706
12725
12733
12737
12740
12775
12777
12849
12859
12862
12875
12884
12887
12889
12899
12925
12958
12973
12974
12988
13012
13013
13033
13086
13105
13141
13148
13155
13166
13169
13184
13187
13246
13282
13332
13371
13403
13435
13439
13450
13452
13474
13497
13508
13529
13535
13537
13551
13557
13569
13571
13596
13597
13601
13607
13618
13621
13626
13655
13657
13668
13675
13679
13692
13737
13788
13792
13794
13825
13833
13877
13885
13895
13902
13911
13914
13942
13946
13961
13989
13990
14011
14018
14031
14042
14097
14110
14119
14132
14135
14140
14161
14247
14254
14256
14290
14301
14328
14353
14357
14365
14373
14391
14420
14421
14449
14459
14465
14567
14581
14601
14621
14630
14676
14710
14712
14720
14736
14755
14768
14770
14795
14817
14831
14836
14847
14863
14914
14919
14984
15020
15045
15070
15078
15083
15086
15108
15112
15127
15139
15176
15190
15235
15242
15346
15354
15373
15376
15383
15417
15442
15484
15545
15549
15635
15647
15651
15656
15681
15685
15697
15700
15721
15783
15819
15850
15851
15894
15945
15977
16068
16103
16125
16145
16146
16155
16191
16213
16228
16244
16252
16273
16394
16402
16407
16416
16422
16427
16438
16444
16451
16454
16480
16485
16488
16536
16543
16585
16587
16589
16632
16636
16639
16650
16657
16662
16673
16679
16701
16729
16730
16749
16753
16787
16799
16818
16823
16847
16900
16914
16920
16926
16936
16951
16965
16983
16989
16995
17008
17028
17043
17070
17175
17216
17227
17230
17231
17258
17283
17294
17296
17299
17332
17341
17343
17352
17359
17360
17365
17383
17394
17400
17428
17442
17452
17479
17509
17531
17565
17573
17583
17596
17605
17610
17615
17637
17647
17649
17681
17686
17698
17724
17768
17819
17862
17872
17881
17901
17908
17934
17941
17959
17980
17997
18003
18015
18030
18044
18058
18065
18067
18082
18118
18121
18124
18137
18143
18149
18158
18165
18184
18203
18213
18237
18239
18249
18261
18267
18282
18283
18300
18306
18309
18315
18320
18332
18370
18391
18402
18410
18456
18465
18471
18475
18482
18487
18498
18514
18544
18549
18595
18613
18634
18645
18652
18657
18700
18757
18818
18828
18849
18878
18889
18913
18933
18952
18972
18979
18999
19003
19004
19005
19007
19021
19023
19025
19031
19034
19039
19080
19138
19140
19146
19172
19188
19203
19224
19233
19307
19317
19322
19328
19337
19418
19453
19460
19465
19470
19486
19499
19503
19531
19533
19536
19549
19570
19580
19583
19587
19654
19656
19683
19703
19733
19739
19743
19777
19794
19808
19826
19838
19854
19866
19873
19878
19883
19891
19895
19896
19905
19906
19919
19933
19947
19968
19993
20005
20010
20014
20016
20022
20023
20030
20038
20056
20105
20112
20124
20147
20156
20167
20168
20196
20205
20207
20213
20225
20226
20232
20259
20266
20270
20284
20287
20294
20302
20306
20323
20363
20368
20369
20386
20391
20393
20452
20456
20460
20467
20482
20490
20511
20517
20536
20539
20587
20609
20623
20633
20648
20666
20674
20696
20711
20714
20749
20770
20787
20794
20796
20806
20810
20815
20844
20853
20856
20899
20906
20927
20929
20940
20970
20974
20977
20996
21044
21054
21066
21072
21073
21094
21108
21154
21157
21171
21188
21198
21214
21222
21231
21258
21259
21277
21292
21302
21329
21337
21353
21362
21367
21374
21382
21383
21404
21424
21448
21460
21508
21534
21551
21564
21584
21594
21625
21651
21682
21697
21710
21737
21742
21762
21772
21775
21776
21802
21839
21875
21897
21900
21903
21907
21940
21952
21980
22027
22030
22045
22050
22051
22052
22064
22076
22079
22102
22131
22134
22143
22179
22183
22213
22216
22245
22249
22258
22269
22311
22319
22356
22357
22393
22407
22417
22437
22462
22469
22482
22494
22500
22508
22511
22521
22530
22550
22573
22574
22575
22590
22594
22595
22603
22610
22665
22678
22681
22691
22698
22707
22713
22715
22736
22743
22759
22764
22765
22768
22777
22781
22793
22835
22836
22837
22838
22843
22857
22865
22873
22874
22914
22924
22982
22985
22987
22990
22998
23001
23009
23032
23042
23046
23056
23070
23072
23077
23083
23091
23095
23108
23134
23137
23138
23139
23170
23221
23226
23228
23239
23240
23250
23260
23272
23285
23289
23299
23302
23305
23309
23310
23325
23336
23341
23347
23358
23364
23366
23368
23369
23382
23425
23435
23463
23483
23488
23510
23514
23515
23520
23531
23539
23543
23549
23554
23565
23568
23571
23580
23598
23603
23608
23628
23634
23638
23640
23642
23646
23649
23652
23659
23663
23670
23684
23712
23715
23723
23757
23765
23768
23769
23777
23786
23789
23790
23809
23816
23830
23837
23861
23862
23875
23880
23919
23921
23940
23943
23957
23965
23969
23990
23991
24002
24016
24019
24033
24036
24043
24064
24071
24073
24086
24117
24118
24121
24137
24172
24181
24182
24192
24195
24202
24204
24206
24209
24223
24228
24250
24254
24259
24263
24281
24282
24289
24312
24320
24321
24343
24344
24353
24368
24377
24384
24389
24391
24422
24432
24433
24456
24457
24458
24459
24475
24482
24492
24539
24545
24556
24563
24570
24575
24576
24580
24582
24585
24586
24590
24591
24594
24597
24639
24645
24679
24691
24704
24710
24714
24717
24729
24743
24748
24771
24785
24789
24793
24813
24815
24827
24835
24846
24853
24860
24865
24874
24877
24879
24881
24884
24891
24918
24921
24929
24930
24939
24943
24947
24961
24973
24981
24992
25010
25049
25056
25079
25098
25099
25128
25133
25134
25139
25154
25156
25169
25179
25183
25195
25205
25213
25215
25255
25312
25323
25329
25348
25349
25369
25374
25385
25391
25396
25426
25429
25434
25435
25437
25440
25443
25489
25520
25542
25549
25571
25590
25592
25596
25599
25610
25613
25624
25637
25652
25661
25664
25665
25667
25673
25684
25719
25724
25749
25757
25762
25765
25766
25769
25785
25799
25806
25812
25818
25820
25830
25845
25868
25871
25872
25877
25880
25900
25903
25913
25938
25941
25945
25961
25970
25974
25975
25988
26043
26044
26059
26060
26094
26134
26144
26158
26187
26199
26204
26217
26230
26232
26236
26253
26262
26267
26310
26354
26360
26394
26406
26415
26434
26459
26468
26496
26524
26530
26548
26555
26561
26592
26609
26624
26628
26632
26677
26690
26701
26704
26709
26711
26716
26726
26737
26757
26760
26773
26827
26836
26882
26905
26907
26927
26930
26966
26977
26993
27009
27010
27015
27017
27022
27044
27047
27054
27105
27106
27108
27165
27188
27193
27203
27219
27224
27239
27241
27243
27283
27318
27319
27345
27347
27361
27368
27399
27431
27437
27438
27440
27464
27474
27477
27491
27492
27495
27536
27543
27547
27548
27588
27625
27667
27674
27711
27742
27761
27767
27782
27791
27840
27870
27895
27897
27914
27935
27941
27957
27964
27978
28010
28012
28032
28044
28067
28100
28115
28129
28131
28179
28188
28195
28202
28215
28263
28276
28326
28331
28339
28345
28367
28369
28394
28463
28473
28495
28525
28532
28599
28650
28653
28659
28678
28713
28722
28728
28730
28731
28747
28772
28787
28811
28818
28828
28852
28871
28882
28887
28898
28899
28933
28959
28982
28987
28991
29008
29015
29032
29033
29034
29047
29068
29080
29096
29110
29158
29197
29226
29230
29231
29249
29250
29251
29257
29289
29292
29308
29331
29353
29379
29390
29417
29426
29437
29492
29534
29542
29567
29570
29574
29577
29598
29610
29611
29619
29654
29682
29717
29721
29737
29744
29749
29756
29767
29768
29790
29846
29882
29905
29912
29932
29956
29973
29997
30015
30080
30119
30158
30170
30202
30203
30209
30214
30232
30236
30252
30265
30274
30285
30316
30318
30346
30349
30394
30395
30416
30423
30430
30465
30470
30475
30491
30494
30533
30540
30563
30569
30584
30591
30609
30618
30619
30648
30655
30661
30662
30663
30676
30719
30735
30736
30777
30782
30800
30817
30856
30872
30898
30906
30930
30934
30957
30977
30982
30997
31101
31122
31147
31149
31162
31188
31192
31195
31198
31200
31207
31231
31268
31281
31291
31295
31297
31303
31322
31326
31358
31364
31365
31367
31369
31388
31394
31487
31507
31513
31521
31528
31567
31604
31619
31659
31684
31701
31705
31732
31744
31764
31774
31792
31800
31829
31840
31846
31855
31869
31880
31923
31932
31945
31953
31958
31966
31969
32004
32070
32108
32160
32179
32200
32213
32215
32233
32243
32257
32317
32393
32399
32423
32443
32465
32476
32512
32531
32555
32569
32575
32583
32595
32607
32638
32656
32669
32678
32682
32696
32702
32739
32740
32747
32750
32775
32797
32824
32830
32841
32888
32917
32924
32940
32954
32986
32992
33004
33018
33024
33029
33097
33110
33113
33115
33124
33157
33166
33182
33229
33239
33242
33264
33268
33314
33323
33351
33375
33394
33397
33422
33423
33446
33447
33454
33512
33568
33579
33594
33611
33633
33638
33647
33658
33676
33710
33714
33725
33736
33769
33799
33805
33859
33878
33882
33900
33909
33917
33952
34005
34010
34011
34045
34049
34061
34062
34070
34071
34079
34084
34197
34214
34258
34278
34290
34302
34317
34318
34321
34324
34325
34365
34370
34387
34388
34391
34400
34403
34417
34420
34439
34441
34442
34475
34508
34527
34536
34544
34563
34620
34636
34637
34639
34648
34658
34715
34756
34849
34898
34901
34943
34959
34966
34991
35036
35074
35095
35097
35143
35159
35191
35257
35301
35310
35330
35336
35352
35396
35402
35469
35477
35537
35545
35550
35560
35574
35620
35628
35660
35675
35720
35738
35742
35745
35766
35771
35792
35828
35838
35839
35863
35869
35915
35919
35954
35977
35981
36019
36024
36039
36081
36092
36099
36108
36153
36179
36201
36204
36205
36208
36240
36254
36256
36291
36301
36341
36342
36351
36365
36367
36376
36411
36485
36495
36496
36502
36506
36565
36571
36581
36602
36616
36630
36653
36669
36681
36682
36735
36744
36751
36754
36776
36789
36841
36868
36913
36917
36929
36943
36944
36950
36955
36966
36974
36984
36999
37006
37016
37056
37079
37112
37212
37225
37270
37275
37307
37309
37316
37342
37348
37352
37354
37368
37371
37375
37401
37423
37468
37480
37545
37549
37552
37577
37584
37596
37605
37620
37622
37629
37648
37663
37679
37683
37707
37773
37774
37803
37805
37815
37817
37835
37840
37870
37871
37879
37931
37957
37965
37974
37977
37979
38022
38065
38099
38120
38147
38190
38201
38203
38214
38219
38221
38229
38231
38232
38235
38260
38290
38291
38296
38298
38315
38326
38337
38363
38402
38413
38426
38438
38441
38463
38491
38494
38506
38514
38519
38538
38560
38563
38587
38591
38626
38650
38655
38656
38665
38667
38679
38698
38702
38726
38737
38765
38810
38875
38876
38914
38917
38920
38921
38922
38932
38936
38946
38951
38960
38972
38973
38977
38983
39001
39005
39009
39021
39023
39025
39029
39061
39087
39095
39097
39112
39170
39178
39179
39190
39197
39209
39215
39232
39235
39280
39283
39286
39294
39296
39303
39310
39336
39370
39384
39386
39393
39437
39455
39474
39483
39492
39518
39531
39550
39562
39563
39565
39582
39603
39612
39625
39639
39642
39649
39650
39652
39654
39686
39688
39690
39697
39708
39709
39710
39743
39765
39773
39781
39782
39800
39811
39830
39833
39846
39849
39866
39878
39885
39887
39888
39892
39914
39929
39939
39980
39986
39990
39998
40002
40004
40026
40033
40046
40047
40050
40060
40062
40069
40074
40077
40080
40091
40093
40098
40102
40127
40128
40142
40165
40172
40184
40219
40259
40291
40293
40313
40322
40329
40343
40348
40362
40386
40401
40402
40403
40418
40421
40435
40436
40450
40483
40495
40522
40532
40540
40546
40561
40568
40578
40586
40591
40592
40604
40618
40648
40651
40686
40688
40696
40703
40730
40731
40741
40743
40761
40767
40777
40785
40800
40803
40816
40826
40848
40857
40859
40884
40898
40904
40922
40939
40952
40965
40967
40971
40991
41027
41055
41079
41088
41091
41101
41105
41109
41126
41143
41162
41163
41166
41167
41185
41208
41226
41236
41241
41244
41255
41276
41280
41299
41301
41330
41332
41341
41364
41368
41376
41388
41390
41435
41437
41461
41469
41495
41499
41507
41509
41515
41527
41554
41562
41572
41577
41579
41613
41618
41633
41636
41639
41642
41665
41666
41681
41684
41685
41699
41715
41739
41752
41773
41781
41789
41805
41830
41841
41845
41869
41889
41893
41894
41908
41909
41950
41980
42010
42022
42045
42058
42082
42084
42085
42094
42116
42121
42134
42153
42160
42163
42202
42208
42233
42241
42251
42254
42271
42286
42323
42325
42330
42361
42378
42379
42394
42396
42407
42410
42412
42424
42428
42429
42433
42438
42464
42469
42476
42501
42504
42521
42531
42546
42565
42570
42578
42591
42605
42613
42619
42623
42637
42639
42647
42648
42677
42681
42702
42704
42721
42727
42742
42745
42760
42777
42786
42797
42804
42805
42829
42844
42849
42889
42890
42896
42902
42903
42905
42937
42941
42960
42969
42973
42990
43004
43005
43023
43036
43037
43043
43052
43054
43058
43084
43092
43099
43127
43142
43155
43156
43160
43166
43170
43193
43194
43201
43204
43220
43231
43239
43250
43251
43257
43276
43285
43300
43344
43347
43356
43366
43374
43380
43395
43397
43404
43405
43410
43413
43414
43415
43425
43446
43449
43458
43464
43468
43471
43492
43494
43517
43526
43571
43586
43595
43598
43601
43602
43617
43619
43639
43654
43659
43672
43699
43706
43707
43713
43717
43724
43733
43735
43736
43738
43767
43780
43788
43796
43819
43841
43843
43844
43853
43859
43860
43865
43874
43876
43882
43905
43909
43910
43932
43969
43972
44002
44009
44022
44024
44043
44044
44048
44056
44060
44071
44077
44093
44114
44125
44129
44130
44155
44165
44166
44182
44186
44192
44236
44240
44256
44258
44264
44265
44274
44301
44302
44309
44318
44322
44337
44344
44346
44349
44359
44374
44382
44383
44390
44392
44395
44399
44400
44404
44407
44409
44413
44415
44416
44423
44430
44432
44471
44478
44493
44515
44529
44533
44542
44545
44558
44561
44572
44589
44593
44599
44619
44630
44645
44651
44656
44659
44677
44697
44707
44712
44722
44734
44739
44745
44750
44769
44773
44778
44783
44787
44796
44798
44808
44814
44819
44821
44823
44824
44838
44839
44842
44855
44860
44865
44870
44875
44884
44891
44904
44911
44941
44955
44960
44963
44966
44985
44986
44991
45019
45028
45030
45032
45034
45035
45049
45053
45058
45073
45097
45101
45103
45107
45124
45126
45131
45133
45135
45140
45174
45178
45197
45233
45252
45256
45269
45270
45284
45299
45307
45308
45309
45321
45323
45325
45326
45341
45348
45371
45388
45391
45392
45393
45399
45402
45412
45432
45437
45450
45455
45471
45472
45503
45534
45536
45539
45550
45554
45586
45601
45604
45613
45622
45642
45725
45757
45779
45787
45789
45798
45801
45802
45807
45817
45819
45847
45864
45894
45912
45920
45923
45932
45944
45963
45965
45968
45979
45986
45989
45993
46005
46010
46011
46017
46026
46036
46042
46063
46072
46078
46079
46086
46102
46103
46123
46124
46126
46127
46159
46167
46169
46183
46189
46205
46210
46238
46243
46253
46274
46285
46287
46311
46314
46315
46327
46340
46346
46358
46369
46391
46417
46419
46427
46431
46436
46447
46475
46484
46486
46496
46497
46509
46537
46551
46552
46558
46559
46561
46573
46576
46586
46587
46602
46629
46635
46665
46669
46673
46703
46705
46719
46735
46754
46757
46765
46767
46772
46791
46793
46810
46815
46818
46829
46836
46837
46849
46854
46858
46864
46875
46887
46890
46899
46901
46911
46914
46920
46922
46941
46946
46952
46954
46981
46989
47009
47011
47019
47028
47036
47037
47045
47048
47049
47083
47099
47106
47108
47119
47120
47121
47133
47134
47144
47149
47151
47158
47161
47169
47176
47180
47184
47195
47203
47222
47225
47236
47256
47258
47264
47267
47290
47293
47296
47302
47307
47313
47326
47338
47342
47345
47346
47348
47371
47383
47396
47399
47411
47421
47422
47423
47443
47444
47446
47453
47455
47457
47467
47476
47483
47488
47491
47511
47512
47515
47519
47524
47541
47556
47562
47570
47582
47585
47608
47614
47620
47628
47639
47656
47665
47666
47675
47679
47698
47730
47739
47767
47768
47775
47788
47789
47791
47837
47847
47882
47894
47961
47970
47984
48001
48011
48013
48034
48038
48039
48048
48057
48066
48081
48111
48112
48123
48128
48137
48146
48162
48178
48201
48224
48226
48252
48254
48255
48257
48265
48277
48284
48286
48304
48307
48309
48319
48328
48331
48342
48378
48386
48398
48410
48411
48419
48423
48428
48430
48440
48442
48459
48463
48472
48478
48480
48481
48483
48484
48485
48493
48500
48501
48505
48509
48528
48538
48549
48554
48559
48566
48574
48622
48623
48626
48639
48658
48669
48672
48690
48710
48711
48726
48736
48740
48743
48749
48754
48775
48779
48792
48794
48796
48800
48805
48811
48831
48844
48845
48847
48894
48907
48922
48936
48943
48946
48950
48961
48963
48966
48967
48976
48978
48983
48997
49007
49021
49035
49042
49043
49045
49053
49054
49063
49069
49071
49075
49078
49082
49104
49113
49121
49124
49137
49167
49180
49189
49192
49206
49212
49228
49241
49257
49271
49283
49291
49314
49334
49337
49367
49383
49393
49395
49414
49415
49421
49438
49439
49462
49496
49499
49501
49531
49534
49538
49539
49565
49589
49593
49600
49604
49609
49614
49615
49620
49626
49632
49647
49651
49652
49653
49674
49684
49689
49693
49707
49737
49744
49746
49748
49756
49757
49761
49763
49764
49775
49779
49783
49785
49810
49812
49818
49831
49838
49843
49848
49868
49885
49887
49895
49897
49908
49911
49919
49924
49929
49931
49935
49942
49946
49950
49959
49962
49966
49970
49971
49976
49981
49986
49988
49996
49998
