We are using the embedding 31
Outliers from the synsets 'artifact.n.01'), Synset('instrumentality.n.03'), Synset('conveyance.n.03'), Synset('wheeled_vehicle.
category -1
[]
 Distribution in the layers: 
{'conv1': 0, 'conv2': 0, 'conv3': 0, 'conv4': 0, 'conv5': 0, 'fc6': 0, 'fc7': 0}
category 0
[197, 251, 1597, 2446, 3725, 3730, 3782, 3790, 3827, 3838, 3851, 3879, 3907, 3980, 3987, 3994, 3998, 4023, 4030, 4069, 4087, 4188, 4204, 4213, 4263, 4284, 4285, 4287, 4314, 4317, 4326, 4348, 4357, 4430, 4450, 4451, 4460, 4466, 4469, 4470, 4480, 4483, 4495, 4543, 4566, 4572, 4600, 4606, 4616, 4630, 4646, 4666, 4686, 4757, 4760, 4775, 4782, 4785, 4790, 4806, 4815, 4846, 4848, 4918, 4976, 4992, 4996, 5006, 5020, 5104, 5145, 5153, 5195, 5201, 5209, 5229, 5300, 5308, 5317, 5321, 5322, 5323, 5324, 5344, 5380, 5395, 5462, 5510, 5521, 5523, 5567, 5595, 5628, 5655, 5670, 5714, 5719, 5735, 5738, 5742, 5765, 5801, 5820, 5949, 5972, 5978, 5982, 6018, 6023, 6061, 6097, 6150, 6221, 6261, 6296, 6306, 6324, 6342, 6358, 6409, 6438, 6451, 6459, 6576, 6628, 6661, 6664, 6691, 6696, 6721, 6759, 6765, 6812, 6862, 6878, 6929, 6961, 6988, 7012, 7048, 7076, 7080, 7107, 7124, 7125, 7135, 7143, 7148, 7194, 7224, 7286, 7300, 7324, 7353, 7359, 7379, 7413, 7447, 7483, 7534, 7573, 7576, 7588, 7632, 7681, 7698, 7704, 7768, 7808, 7822, 7824, 7849, 7931, 7954, 7967, 7974, 7997, 8020, 8028, 8041, 8078, 8164, 8186, 8216, 8233, 8297, 8330, 8572, 8668, 8711, 8735, 8835, 8858, 8922, 8937, 8964, 9096, 9103, 9169, 9273, 9347, 9368, 9416, 9562, 9589, 9592, 9644, 9665, 9701, 9738, 9891, 9974, 9989, 10000, 10063, 10136, 10138, 10146, 10156, 10165, 10183, 10254, 10372, 10408, 10504, 10526, 10578, 10607, 10630, 10713, 10764, 10775, 10911, 10951, 11121, 11122, 11143, 11210, 11232, 11242, 11350, 11359, 11390, 11520, 11551, 11652, 11742, 11962, 11996, 12192, 12203, 12247, 12290, 12379]
 Distribution in the layers: 
{'conv1': 0, 'conv2': 2, 'conv3': 0, 'conv4': 2, 'conv5': 20, 'fc6': 162, 'fc7': 68}
category 1
[]
 Distribution in the layers: 
{'conv1': 0, 'conv2': 0, 'conv3': 0, 'conv4': 0, 'conv5': 0, 'fc6': 0, 'fc7': 0}
