1
8
13
19
25
29
31
32
36
37
39
40
42
43
51
54
55
59
67
71
73
77
79
80
88
90
105
108
111
114
116
118
121
124
125
126
128
129
137
140
145
147
148
153
154
155
162
163
167
172
174
175
178
182
184
186
188
189
192
194
197
202
203
207
208
213
214
215
217
218
219
226
227
228
229
234
239
243
246
252
253
254
257
260
261
263
267
273
274
280
281
284
287
293
294
296
298
300
301
307
312
313
314
316
326
327
332
335
336
337
338
343
346
350
352
353
356
361
362
368
371
374
375
380
382
386
390
393
399
403
411
412
414
415
417
419
422
425
426
429
432
437
447
452
455
463
464
465
466
469
470
473
474
478
479
480
485
488
491
495
496
497
500
501
505
506
507
510
516
517
519
520
524
526
529
533
539
547
549
551
555
556
558
559
564
565
567
568
571
574
575
579
587
588
594
595
596
597
599
600
604
606
611
618
619
625
631
633
638
645
646
647
648
651
652
656
657
658
659
665
671
674
675
678
679
680
687
692
698
699
702
703
706
708
711
724
725
726
728
730
736
741
745
750
758
768
769
770
775
776
777
781
782
783
793
796
805
809
810
812
813
815
824
826
829
830
836
837
838
840
844
850
853
854
855
860
863
865
899
901
902
903
904
908
911
914
921
924
928
945
946
947
950
951
953
954
957
963
967
976
977
980
986
987
988
989
994
998
1001
1002
1014
1019
1027
1033
1034
1038
1039
1041
1048
1049
1050
1051
1052
1054
1060
1061
1063
1064
1066
1069
1076
1091
1092
1097
1100
1106
1113
1115
1116
1126
1137
1140
1141
1145
1148
1152
1154
1157
1158
1162
1170
1173
1174
1175
1179
1182
1185
1191
1197
1199
1200
1201
1204
1210
1211
1222
1226
1234
1235
1238
1241
1243
1244
1250
1255
1257
1258
1265
1283
1286
1290
1295
1299
1300
1301
1302
1305
1307
1309
1311
1313
1315
1320
1323
1326
1330
1332
1334
1336
1337
1341
1342
1345
1347
1348
1356
1359
1362
1363
1364
1366
1368
1375
1377
1379
1380
1382
1385
1389
1392
1393
1395
1397
1398
1399
1402
1405
1408
1410
1417
1420
1421
1422
1426
1431
1435
1441
1445
1453
1456
1457
1460
1464
1465
1470
1471
1472
1476
1481
1483
1488
1502
1504
1507
1511
1512
1513
1520
1526
1527
1529
1532
1536
1542
1544
1548
1558
1564
1565
1567
1579
1581
1583
1590
1592
1593
1597
1606
1608
1612
1614
1616
1619
1622
1623
1629
1641
1643
1644
1645
1655
1656
1658
1668
1669
1674
1676
1678
1679
1680
1681
1688
1689
1690
1699
1705
1706
1707
1710
1714
1716
1722
1727
1730
1739
1740
1742
1743
1745
1746
1747
1749
1752
1757
1766
1771
1775
1776
1779
1782
1783
1786
1789
1790
1792
1794
1795
1804
1808
1809
1810
1828
1830
1831
1833
1843
1847
1860
1872
1873
1882
1884
1891
1900
1901
1907
1908
1910
1918
1919
1924
1931
1941
1947
1952
1957
1962
1963
1964
1968
1969
1987
1992
2004
2011
2015
2019
2021
2024
2030
2031
2053
2054
2057
2061
2063
2072
2073
2076
2094
2095
2096
2099
2106
2114
2115
2117
2119
2126
2132
2135
2139
2143
2145
2146
2150
2152
2154
2157
2164
2165
2168
2176
2180
2181
2186
2194
2196
2198
2201
2205
2207
2209
2222
2223
2225
2229
2230
2231
2233
2234
2247
2250
2252
2253
2267
2270
2273
2274
2275
2276
2278
2282
2283
2286
2288
2291
2292
2296
2301
2302
2305
2306
2310
2312
2314
2317
2319
2322
2327
2330
2331
2338
2355
2363
2365
2367
2368
2386
2388
2389
2390
2392
2399
2403
2404
2407
2411
2412
2413
2420
2427
2431
2432
2433
2437
2441
2447
2448
2462
2465
2470
2482
2486
2497
2498
2505
2508
2509
2514
2518
2519
2520
2521
2522
2523
2524
2528
2543
2545
2550
2551
2554
2555
2556
2558
2567
2569
2571
2582
2585
2589
2591
2592
2593
2596
2598
2602
2603
2606
2613
2616
2617
2620
2622
2629
2632
2634
2635
2636
2637
2639
2641
2643
2644
2646
2647
2648
2653
2655
2662
2666
2669
2670
2674
2679
2682
2683
2684
2685
2686
2692
2701
2703
2704
2710
2712
2714
2715
2717
2720
2725
2729
2732
2752
2753
2754
2756
2762
2768
2775
2788
2800
2801
2809
2812
2814
2817
2819
2820
2823
2826
2830
2832
2845
2847
2851
2852
2859
2864
2873
2874
2881
2887
2888
2893
2894
2895
2897
2901
2907
2910
2929
2930
2936
2937
2939
2942
2943
2945
2946
2948
2955
2964
2968
2970
2975
2984
2985
2988
2999
3000
3003
3015
3017
3019
3020
3021
3023
3024
3025
3028
3030
3038
3039
3050
3052
3053
3055
3062
3064
3068
3074
3084
3086
3094
3095
3098
3102
3106
3111
3112
3118
3132
3134
3140
3142
3149
3153
3154
3158
3159
3163
3165
3176
3178
3181
3207
3208
3215
3216
3219
3220
3228
3231
3236
3239
3240
3243
3244
3246
3251
3252
3255
3259
3268
3270
3272
3274
3275
3279
3283
3287
3297
3301
3303
3306
3312
3315
3317
3328
3338
3340
3353
3365
3374
3379
3380
3381
3383
3387
3391
3399
3401
3402
3403
3404
3415
3416
3427
3429
3431
3435
3446
3452
3453
3457
3458
3464
3469
3471
3476
3480
3481
3484
3489
3499
3500
3501
3504
3508
3512
3518
3519
3522
3524
3531
3532
3535
3536
3537
3538
3542
3547
3566
3568
3576
3578
3581
3583
3585
3589
3601
3604
3606
3608
3613
3615
3622
3625
3633
3635
3649
3656
3663
3665
3667
3669
3675
3677
3680
3681
3693
3694
3697
3698
3700
3701
3702
3706
3711
3714
3716
3721
3727
3730
3732
3734
3736
3740
3746
3747
3758
3765
3769
3772
3776
3779
3784
3785
3797
3802
3810
3813
3820
3823
3824
3828
3830
3842
3843
3844
3846
3849
3854
3857
3860
3862
3864
3867
3868
3874
3876
3878
3883
3885
3886
3889
3891
3892
3898
3917
3927
3933
3934
3938
3942
3946
3948
3951
3954
3956
3957
3962
3965
3966
3968
3971
3973
3976
3980
3985
3987
3997
4008
4009
4011
4020
4028
4031
4032
4037
4038
4040
4042
4048
4053
4054
4057
4061
4067
4068
4070
4073
4074
4080
4083
4086
4090
4093
4098
4100
4102
4105
4106
4108
4112
4115
4117
4118
4123
4124
4141
4155
4163
4164
4168
4170
4175
4176
4182
4189
4190
4193
4197
4199
4214
4220
4221
4223
4224
4226
4232
4234
4236
4237
4238
4239
4244
4250
4258
4263
4265
4266
4278
4289
4290
4294
4299
4303
4308
4309
4313
4314
4319
4323
4325
4328
4332
4346
4349
4353
4362
4365
4368
4375
4378
4379
4380
4381
4382
4384
4385
4391
4393
4397
4403
4408
4415
4417
4418
4420
4425
4426
4431
4432
4436
4438
4442
4445
4448
4453
4455
4456
4462
4466
4467
4470
4471
4474
4475
4476
4480
4482
4485
4486
4493
4497
4499
4504
4514
4515
4520
4522
4523
4528
4541
4542
4543
4545
4546
4552
4558
4570
4573
4579
4585
4589
4590
4596
4604
4605
4611
4612
4613
4617
4620
4622
4623
4630
4633
4634
4640
4656
4657
4667
4673
4680
4684
4685
4687
4688
4695
4696
4699
4708
4712
4718
4721
4725
4729
4732
4735
4747
4750
4751
4758
4760
4761
4768
4770
4775
4782
4784
4787
4788
4795
4803
4814
4815
4816
4818
4819
4823
4826
4829
4834
4844
4850
4857
4858
4861
4869
4872
4875
4878
4881
4882
4891
4902
4907
4909
4911
4917
4919
4930
4936
4939
4940
4942
4957
4961
4969
4970
4972
4976
4982
4985
4987
4988
4991
5008
5009
5011
5015
5016
5020
5021
5022
5026
5031
5040
5045
5047
5048
5049
5054
5070
5077
5078
5092
5096
5097
5105
5108
5109
5112
5113
5115
5119
5122
5125
5128
5138
5151
5154
5163
5165
5170
5171
5181
5190
5194
5203
5208
5216
5219
5223
5227
5230
5232
5234
5236
5237
5245
5247
5250
5251
5253
5256
5257
5259
5263
5265
5269
5277
5278
5279
5281
5283
5284
5290
5296
5303
5304
5306
5307
5309
5311
5316
5319
5321
5324
5325
5329
5333
5336
5337
5349
5355
5360
5363
5374
5375
5377
5382
5384
5406
5413
5416
5418
5419
5424
5425
5437
5440
5450
5456
5461
5464
5470
5471
5474
5483
5492
5499
5512
5513
5515
5522
5523
5527
5528
5533
5534
5538
5540
5541
5546
5547
5553
5561
5570
5571
5575
5580
5582
5584
5588
5593
5599
5606
5607
5614
5620
5623
5636
5644
5667
5675
5690
5691
5693
5709
5718
5729
5735
5738
5745
5753
5759
5770
5773
5774
5777
5778
5779
5783
5788
5789
5795
5797
5805
5806
5810
5812
5814
5815
5816
5819
5826
5831
5833
5834
5837
5838
5844
5847
5848
5853
5863
5869
5876
5889
5895
5898
5900
5905
5911
5916
5921
5926
5927
5935
5951
5970
5980
5983
6016
6020
6032
6039
6049
6052
6057
6059
6062
6076
6078
6083
6084
6102
6107
6110
6111
6113
6121
6123
6125
6127
6128
6144
6149
6159
6160
6163
6165
6167
6168
6170
6178
6180
6186
6189
6196
6202
6208
6209
6212
6217
6222
6227
6237
6241
6244
6249
6258
6262
6267
6269
6270
6273
6275
6278
6287
6291
6309
6314
6316
6319
6328
6338
6346
6351
6353
6356
6357
6364
6368
6371
6372
6375
6378
6382
6394
6402
6408
6410
6411
6412
6413
6417
6422
6426
6427
6432
6435
6445
6451
6453
6455
6456
6457
6469
6480
6483
6487
6495
6503
6505
6508
6513
6514
6516
6518
6521
6524
6530
6531
6533
6536
6540
6546
6550
6553
6554
6555
6567
6569
6574
6575
6576
6583
6584
6589
6593
6594
6599
6603
6606
6613
6617
6622
6624
6627
6629
6632
6635
6640
6644
6652
6658
6672
6674
6679
6683
6702
6705
6709
6716
6720
6727
6736
6751
6762
6769
6770
6775
6776
6777
6782
6783
6784
6797
6800
6803
6804
6806
6807
6813
6814
6817
6820
6822
6823
6829
6832
6845
6858
6862
6868
6873
6878
6880
6887
6896
6899
6904
6910
6913
6918
6934
6942
6947
6950
6951
6967
6968
6970
6979
6980
6982
6983
6985
6989
7003
7009
7011
7016
7025
7028
7033
7035
7045
7046
7050
7060
7063
7075
7079
7080
7081
7083
7085
7093
7096
7098
7105
7106
7109
7112
7117
7118
7121
7124
7133
7146
7147
7150
7155
7157
7158
7159
7172
7174
7177
7181
7185
7189
7190
7195
7196
7205
7206
7208
7210
7214
7229
7236
7238
7242
7243
7245
7247
7254
7256
7261
7269
7273
7274
7285
7287
7288
7290
7297
7299
7302
7306
7308
7313
7314
7316
7319
7331
7336
7337
7342
7350
7355
7362
7363
7368
7369
7371
7372
7376
7378
7381
7396
7415
7417
7420
7423
7425
7428
7432
7434
7441
7442
7450
7454
7458
7459
7467
7472
7476
7481
7483
7488
7490
7495
7496
7506
7511
7512
7516
7521
7522
7524
7539
7547
7557
7559
7560
7564
7565
7568
7576
7585
7591
7595
7597
7598
7601
7605
7607
7609
7610
7613
7616
7622
7623
7634
7635
7639
7640
7641
7643
7645
7649
7651
7660
7674
7689
7691
7704
7708
7714
7719
7723
7727
7731
7732
7740
7743
7745
7746
7750
7753
7754
7755
7763
7767
7768
7771
7775
7780
7782
7789
7791
7794
7805
7807
7809
7814
7816
7817
7821
7831
7832
7835
7839
7840
7841
7844
7851
7855
7856
7858
7861
7862
7867
7872
7873
7878
7888
7895
7899
7901
7907
7917
7919
7927
7929
7930
7931
7935
7936
7937
7948
7950
7952
7953
7954
7955
7958
7961
7964
7991
7992
7994
7996
7997
8003
8004
8010
8013
8014
8026
8035
8036
8037
8038
8057
8058
8061
8063
8064
8073
8075
8082
8083
8084
8089
8091
8096
8102
8106
8112
8113
8114
8117
8123
8127
8132
8136
8143
8145
8147
8154
8155
8157
8159
8161
8164
8172
8173
8184
8190
8191
8194
8195
8201
8202
8214
8216
8218
8220
8221
8228
8241
8245
8247
8251
8259
8260
8262
8267
8274
8276
8277
8291
8305
8308
8311
8318
8322
8326
8332
8333
8340
8349
8358
8361
8362
8363
8367
8369
8372
8375
8377
8380
8385
8392
8405
8407
8409
8410
8412
8413
8415
8416
8427
8431
8440
8441
8450
8453
8458
8464
8475
8476
8480
8487
8488
8493
8495
8505
8508
8512
8513
8522
8525
8526
8528
8529
8532
8541
8548
8550
8558
8564
8572
8573
8576
8583
8590
8592
8596
8605
8610
8622
8624
8627
8628
8639
8647
8648
8653
8678
8684
8686
8694
8696
8700
8703
8704
8706
8707
8718
8722
8727
8736
8737
8739
8741
8742
8744
8745
8748
8749
8752
8755
8757
8763
8767
8776
8785
8786
8787
8791
8796
8799
8805
8814
8816
8819
8824
8825
8826
8827
8828
8830
8831
8833
8836
8839
8840
8842
8844
8849
8859
8861
8864
8868
8871
8880
8884
8887
8895
8896
8901
8912
8915
8916
8918
8920
8923
8929
8930
8934
8943
8946
8949
8950
8952
8959
8964
8968
8971
8975
8977
8983
9000
9003
9004
9006
9007
9011
9014
9019
9027
9030
9035
9040
9041
9044
9049
9051
9052
9054
9062
9066
9070
9078
9085
9088
9089
9095
9099
9102
9113
9121
9135
9137
9138
9147
9152
9154
9157
9161
9163
9164
9169
9172
9177
9183
9186
9190
9194
9199
9201
9211
9217
9218
9219
9223
9226
9229
9236
9242
9245
9246
9249
9255
9258
9260
9263
9271
9279
9280
9285
9288
9298
9300
9307
9308
9310
9312
9315
9316
9323
9325
9332
9340
9343
9348
9358
9368
9371
9374
9378
9385
9388
9390
9391
9399
9400
9408
9421
9423
9431
9434
9438
9441
9449
9453
9458
9464
9465
9478
9482
9483
9486
9493
9498
9500
9505
9507
9511
9520
9521
9523
9527
9528
9529
9531
9532
9540
9549
9550
9554
9555
9556
9567
9568
9569
9573
9574
9596
9598
9601
9603
9605
9607
9609
9611
9612
9614
9615
9619
9631
9637
9641
9644
9648
9649
9655
9673
9677
9685
9686
9687
9694
9696
9697
9705
9706
9707
9710
9712
9715
9718
9721
9722
9736
9737
9738
9744
9746
9748
9752
9753
9755
9758
9763
9764
9768
9769
9772
9777
9778
9786
9796
9800
9812
9813
9814
9828
9830
9831
9836
9839
9844
9846
9849
9850
9852
9861
9866
9867
9878
9888
9889
9894
9898
9910
9912
9916
9918
9921
9925
9928
9930
9935
9945
9946
9959
9970
9971
9973
9974
9981
9986
9990
9991
9996
10000
10004
10005
10011
10019
10023
10034
10040
10043
10050
10051
10054
10063
10066
10071
10078
10079
10081
10082
10088
10089
10095
10096
10104
10106
10108
10109
10111
10118
10120
10124
10126
10137
10143
10152
10163
10165
10169
10172
10177
10178
10183
10202
10203
10204
10213
10220
10223
10227
10234
10240
10245
10251
10255
10265
10266
10271
10272
10282
10284
10286
10287
10296
10305
10308
10321
10323
10326
10330
10331
10333
10338
10345
10347
10349
10350
10351
10363
10364
10369
10374
10381
10387
10390
10393
10395
10397
10400
10402
10406
10409
10422
10425
10434
10443
10445
10447
10448
10452
10458
10469
10470
10472
10473
10474
10476
10481
10482
10493
10498
10504
10505
10514
10521
10523
10526
10528
10536
10549
10552
10556
10557
10562
10563
10564
10565
10566
10572
10578
10587
10588
10590
10591
10593
10594
10596
10606
10638
10645
10652
10656
10667
10670
10671
10677
10689
10693
10694
10696
10711
10713
10721
10730
10732
10733
10742
10743
10749
10751
10756
10759
10760
10761
10767
10774
10780
10783
10788
10791
10794
10802
10806
10813
10815
10816
10820
10823
10827
10831
10840
10841
10845
10846
10848
10853
10854
10862
10867
10874
10875
10880
10881
10883
10887
10892
10899
10900
10908
10914
10918
10921
10923
10930
10943
10944
10949
10951
10954
10958
10964
10966
10968
10970
10981
10988
10996
10997
11001
11006
11014
11023
11028
11037
11045
11047
11053
11065
11066
11067
11069
11074
11091
11093
11098
11104
11106
11108
11113
11117
11118
11119
11120
11130
11141
11143
11146
11147
11149
11152
11155
11159
11163
11164
11165
11167
11172
11175
11179
11185
11191
11192
11194
11197
11201
11203
11205
11214
11222
11230
11234
11236
11238
11240
11247
11248
11249
11250
11254
11257
11261
11271
11275
11285
11287
11294
11295
11297
11298
11299
11300
11303
11304
11307
11312
11315
11320
11327
11331
11343
11351
11353
11362
11363
11367
11372
11380
11383
11403
11405
11406
11410
11420
11424
11428
11437
11439
11441
11442
11444
11447
11448
11450
11453
11458
11461
11466
11472
11473
11482
11488
11495
11499
11506
11510
11512
11517
11519
11525
11531
11532
11535
11539
11562
11563
11564
11570
11579
11585
11587
11591
11599
11603
11609
11613
11614
11617
11619
11620
11627
11629
11634
11642
11649
11652
11665
11666
11670
11676
11681
11684
11686
11699
11701
11704
11707
11713
11719
11720
11723
11728
11730
11731
11733
11737
11739
11741
11744
11745
11753
11758
11763
11768
11772
11774
11777
11778
11781
11786
11787
11794
11795
11796
11797
11799
11802
11804
11808
11811
11813
11820
11825
11826
11829
11831
11835
11836
11837
11838
11846
11849
11851
11853
11856
11859
11868
11870
11874
11882
11888
11896
11902
11914
11931
11932
11937
11951
11952
11960
11963
11971
11976
11988
11990
11992
11995
11996
11997
12008
12016
12017
12020
12023
12025
12037
12039
12041
12046
12048
12052
12054
12058
12060
12064
12066
12068
12072
12075
12081
12082
12085
12086
12101
12106
12107
12114
12116
12123
12124
12129
12135
12150
12160
12167
12168
12169
12176
12178
12181
12185
12186
12189
12191
12196
12198
12199
12201
12203
12204
12207
12209
12219
12220
12222
12236
12239
12240
12245
12248
12264
12268
12280
12282
12288
12289
12294
12296
12302
12304
12305
12308
12314
12318
12321
12324
12326
12329
12334
12335
12338
12339
12345
12347
12353
12356
12357
12360
12365
12369
12374
12375
12376
12380
12381
12382
12383
12390
12391
12394
12398
12400
12404
12411
12412
12414
12425
12428
12438
12439
12441
12446
12447
12450
12454
12460
12464
12467
12470
12471
12472
12473
12475
12477
12497
12498
12510
12513
12515
12517
12520
12528
12539
12540
12541
12544
12547
12553
12564
12569
12572
12576
12578
12580
12585
12586
12587
12591
12597
12598
12601
12602
12604
12607
12615
12619
12621
12626
12628
12638
12640
12641
12646
12648
12651
12654
12655
12662
12663
12664
12667
12671
12675
12680
12687
12697
12709
12711
12716
12717
12718
12722
12735
12739
12741
12742
12745
12747
12753
12755
12756
12761
12763
12765
12769
12770
12776
12786
12787
12788
12789
12794
12797
12799
12802
12803
12806
12812
12814
12816
12819
12824
12826
12827
12829
12832
12833
12834
12835
12838
12839
12841
12854
12860
12863
12869
12873
12890
12904
12907
12911
12912
12914
12917
12920
12923
12928
12930
12933
12934
12937
12939
12943
12948
12950
12953
12959
12975
12978
12979
12994
13000
13001
13014
13023
13025
13039
13040
13042
13043
13044
13048
13051
13057
13058
13060
13062
13068
13070
13076
13084
13090
13093
13097
13101
13102
13108
13109
13115
13130
13134
13135
13144
13145
13146
13152
13153
13157
13159
13160
13162
13174
13177
13183
13189
13190
13196
13200
13202
13204
13207
13208
13213
13219
13221
13229
13231
13235
13236
13238
13248
13255
13258
13267
13271
13274
13278
13284
13285
13294
13295
13296
13299
13300
13309
13318
13320
13325
13328
13329
13331
13335
13337
13341
13343
13349
13351
13355
13356
13366
13368
13379
13388
13390
13391
13394
13395
13399
13400
13408
13417
13423
13426
13427
13429
13441
13448
13449
13451
13455
13459
13464
13466
13473
13477
13481
13482
13491
13493
13494
13496
13499
13501
13507
13514
13516
13518
13520
13521
13528
13532
13533
13536
13540
13542
13545
13546
13549
13550
13552
13553
13558
13559
13566
13568
13575
13581
13589
13594
13600
13602
13603
13613
13630
13631
13632
13633
13639
13644
13645
13649
13651
13652
13654
13661
13666
13671
13673
13674
13677
13689
13693
13696
13697
13703
13707
13714
13717
13719
13720
13721
13725
13728
13729
13730
13750
13753
13765
13768
13775
13778
13779
13781
13789
13790
13796
13798
13807
13811
13812
13821
13822
13823
13832
13836
13838
13839
13840
13850
13853
13855
13858
13869
13879
13892
13898
13910
13912
13913
13921
13922
13924
13930
13933
13936
13937
13940
13947
13952
13957
13962
13971
13975
13982
13986
13992
13996
14005
14008
14016
14019
14023
14025
14029
14033
14037
14039
14043
14045
14048
14050
14059
14060
14064
14068
14082
14084
14088
14091
14092
14100
14101
14103
14108
14109
14111
14120
14122
14130
14133
14134
14137
14139
14154
14157
14160
14163
14168
14170
14179
14181
14183
14190
14194
14195
14205
14216
14220
14221
14222
14229
14233
14236
14237
14240
14244
14258
14265
14266
14267
14273
14275
14277
14281
14288
14289
14296
14297
14299
14309
14313
14314
14325
14331
14332
14339
14346
14350
14351
14356
14358
14362
14367
14369
14375
14376
14379
14382
14393
14408
14415
14418
14424
14429
14432
14436
14437
14438
14439
14442
14443
14461
14466
14471
14477
14482
14486
14492
14493
14498
14504
14505
14509
14510
14511
14514
14519
14523
14525
14533
14534
14550
14552
14554
14557
14560
14562
14569
14575
14576
14583
14585
14588
14597
14602
14605
14608
14628
14634
14635
14640
14641
14642
14645
14646
14655
14656
14665
14666
14671
14674
14681
14687
14688
14691
14696
14700
14703
14706
14707
14709
14711
14713
14714
14722
14723
14728
14738
14740
14742
14743
14751
14759
14761
14762
14764
14766
14767
14774
14777
14779
14781
14784
14790
14793
14804
14812
14821
14829
14837
14843
14849
14856
14858
14866
14868
14869
14870
14873
14876
14877
14881
14882
14883
14884
14885
14888
14889
14895
14900
14902
14903
14906
14912
14924
14931
14933
14943
14960
14962
14965
14968
14969
14970
14971
14973
14979
14980
14990
15004
15008
15010
15011
15016
15019
15023
15025
15027
15030
15031
15034
15036
15037
15038
15042
15043
15046
15050
15054
15056
15058
15060
15061
15062
15067
15069
15072
15076
15088
15092
15093
15096
15101
15102
15104
15105
15109
15114
15115
15117
15121
15123
15125
15132
15133
15137
15146
15147
15153
15154
15158
15162
15163
15165
15172
15180
15186
15187
15195
15200
15205
15212
15213
15223
15228
15232
15243
15258
15265
15278
15295
15297
15300
15303
15307
15316
15317
15320
15326
15329
15334
15338
15342
15351
15357
15358
15371
15374
15377
15380
15388
15392
15394
15397
15399
15400
15401
15403
15404
15410
15412
15420
15422
15431
15446
15447
15448
15461
15466
15468
15471
15475
15477
15480
15486
15495
15497
15499
15503
15508
15509
15517
15526
15527
15529
15531
15532
15546
15547
15548
15551
15552
15554
15557
15558
15561
15567
15569
15576
15580
15585
15591
15593
15596
15603
15611
15612
15613
15615
15621
15633
15634
15644
15645
15646
15654
15661
15663
15664
15670
15680
15684
15691
15692
15694
15695
15699
15703
15704
15707
15708
15709
15716
15717
15718
15720
15727
15734
15746
15748
15752
15755
15764
15767
15768
15776
15777
15787
15788
15789
15793
15799
15802
15811
15822
15833
15836
15841
15843
15844
15849
15854
15857
15859
15872
15874
15880
15884
15886
15887
15889
15892
15896
15899
15901
15908
15909
15912
15913
15921
15922
15924
15925
15927
15928
15954
15956
15963
15966
15971
15976
15985
15991
15992
16003
16016
16017
16025
16027
16029
16031
16034
16044
16045
16054
16057
16058
16062
16073
16076
16078
16092
16098
16105
16114
16116
16120
16123
16124
16132
16133
16134
16158
16164
16178
16179
16182
16188
16193
16202
16207
16209
16214
16222
16231
16234
16236
16243
16256
16261
16262
16270
16275
16278
16283
16289
16294
16296
16299
16304
16309
16311
16317
16319
16320
16332
16333
16340
16345
16348
16352
16357
16361
16366
16376
16379
16380
16382
16386
16391
16408
16419
16420
16424
16425
16426
16430
16433
16441
16442
16447
16448
16455
16467
16468
16477
16489
16490
16492
16500
16504
16505
16514
16515
16516
16519
16522
16526
16530
16531
16532
16545
16546
16548
16552
16553
16555
16560
16563
16566
16570
16584
16586
16592
16593
16596
16606
16607
16609
16614
16620
16624
16631
16640
16651
16666
16676
16686
16690
16694
16699
16709
16710
16712
16720
16721
16723
16725
16733
16742
16743
16746
16748
16751
16763
16767
16770
16776
16779
16782
16790
16791
16792
16793
16794
16795
16796
16797
16809
16813
16814
16824
16826
16831
16843
16852
16853
16859
16870
16873
16877
16883
16890
16893
16895
16905
16910
16917
16918
16921
16925
16928
16931
16932
16933
16937
16947
16957
16964
16968
16973
16979
16988
16992
16999
17000
17002
17010
17012
17019
17020
17021
17022
17023
17038
17050
17053
17059
17062
17064
17069
17081
17087
17090
17098
17108
17117
17118
17119
17126
17127
17129
17134
17148
17156
17158
17164
17172
17189
17198
17199
17205
17207
17211
17213
17222
17228
17242
17243
17246
17248
17253
17259
17263
17264
17265
17271
17272
17281
17292
17295
17301
17304
17305
17313
17316
17318
17326
17330
17334
17335
17339
17342
17344
17367
17377
17379
17380
17381
17388
17396
17409
17413
17418
17422
17430
17433
17437
17439
17444
17450
17455
17456
17464
17468
17470
17480
17483
17486
17489
17490
17493
17501
17504
17513
17516
17519
17521
17527
17532
17533
17537
17546
17553
17557
17561
17570
17575
17580
17590
17592
17598
17599
17601
17607
17608
17619
17620
17624
17628
17633
17642
17654
17660
17673
17674
17676
17695
17699
17702
17705
17735
17737
17741
17753
17757
17761
17770
17778
17781
17788
17807
17813
17833
17838
17839
17843
17845
17850
17853
17855
17861
17869
17882
17888
17891
17893
17894
17900
17916
17917
17920
17927
17932
17939
17944
17956
17962
17963
17967
17970
17974
17981
17984
17992
18001
18005
18016
18029
18032
18035
18040
18046
18052
18055
18060
18061
18063
18071
18080
18085
18086
18087
18089
18104
18107
18115
18122
18127
18128
18131
18134
18135
18136
18145
18148
18155
18161
18175
18180
18190
18192
18193
18195
18198
18201
18208
18210
18212
18214
18217
18221
18222
18229
18232
18250
18251
18264
18269
18272
18276
18277
18280
18286
18292
18293
18295
18298
18308
18319
18322
18330
18343
18346
18347
18351
18356
18357
18366
18368
18375
18381
18396
18399
18401
18404
18413
18414
18423
18431
18434
18435
18439
18441
18442
18446
18450
18452
18460
18466
18481
18486
18489
18500
18532
18538
18546
18554
18561
18583
18588
18589
18592
18593
18603
18607
18622
18623
18626
18628
18629
18635
18639
18640
18648
18653
18656
18659
18666
18678
18685
18703
18704
18719
18727
18730
18731
18742
18749
18755
18760
18766
18768
18770
18771
18782
18787
18791
18803
18806
18815
18820
18824
18825
18827
18841
18843
18866
18873
18875
18876
18884
18886
18894
18903
18904
18906
18907
18915
18916
18926
18930
18936
18941
18944
18978
18982
18989
18996
19006
19014
19015
19019
19027
19029
19035
19044
19049
19050
19053
19058
19066
19067
19070
19077
19089
19098
19103
19105
19107
19115
19116
19117
19129
19131
19132
19152
19154
19155
19157
19158
19162
19176
19182
19189
19193
19195
19205
19211
19214
19215
19223
19231
19236
19238
19244
19248
19249
19250
19252
19254
19256
19264
19266
19269
19270
19271
19291
19309
19314
19316
19320
19321
19327
19341
19342
19344
19346
19352
19353
19359
19376
19377
19382
19386
19388
19389
19399
19401
19403
19405
19407
19415
19423
19427
19433
19437
19454
19462
19463
19467
19469
19485
19489
19498
19501
19506
19509
19514
19519
19534
19551
19553
19557
19573
19584
19589
19590
19594
19596
19600
19604
19607
19609
19612
19614
19616
19623
19636
19639
19647
19653
19665
19673
19678
19679
19681
19687
19688
19697
19700
19707
19708
19712
19717
19718
19720
19721
19722
19740
19741
19742
19744
19748
19757
19759
19762
19764
19765
19767
19773
19783
19785
19790
19791
19795
19798
19801
19802
19803
19805
19809
19810
19813
19819
19823
19825
19831
19842
19848
19850
19858
19859
19861
19869
19880
19882
19887
19889
19890
19909
19911
19913
19914
19915
19921
19923
19929
19936
19939
19944
19951
19963
19975
19976
19979
19980
19983
19984
19985
19986
19992
19995
19999
20008
20015
20017
20018
20028
20029
20032
20045
20049
20051
20052
20062
20078
20082
20083
20099
20101
20120
20123
20135
20140
20145
20148
20150
20151
20152
20160
20161
20162
20193
20197
20198
20200
20221
20223
20231
20233
20234
20238
20240
20261
20262
20277
20278
20283
20291
20293
20295
20303
20307
20308
20335
20337
20339
20341
20342
20360
20362
20365
20372
20375
20376
20377
20398
20400
20401
20410
20411
20414
20416
20425
20427
20428
20434
20445
20447
20448
20450
20453
20455
20461
20465
20473
20476
20477
20480
20481
20493
20503
20506
20510
20512
20524
20526
20532
20538
20544
20546
20548
20551
20554
20572
20575
20579
20580
20586
20589
20590
20599
20613
20615
20618
20626
20630
20631
20636
20647
20659
20663
20670
20672
20679
20683
20685
20687
20689
20701
20702
20703
20716
20718
20725
20730
20741
20743
20746
20747
20748
20750
20752
20754
20757
20758
20763
20774
20795
20797
20798
20800
20807
20809
20811
20816
20817
20827
20828
20840
20841
20843
20859
20861
20872
20880
20881
20884
20889
20897
20910
20917
20919
20920
20926
20930
20932
20941
20943
20944
20950
20952
20958
20964
20968
20972
20975
20979
20981
20989
20991
20994
21001
21006
21018
21021
21026
21039
21041
21043
21052
21056
21057
21062
21068
21074
21077
21080
21082
21084
21095
21101
21104
21111
21112
21115
21117
21122
21123
21139
21145
21146
21159
21172
21175
21180
21182
21185
21195
21215
21220
21223
21228
21229
21237
21245
21246
21256
21262
21264
21278
21279
21281
21282
21284
21289
21291
21299
21303
21308
21312
21313
21318
21319
21325
21334
21335
21338
21343
21357
21358
21363
21376
21377
21378
21380
21389
21392
21398
21401
21403
21405
21412
21417
21431
21434
21439
21441
21446
21447
21451
21452
21453
21469
21477
21479
21487
21493
21494
21497
21498
21500
21505
21511
21512
21523
21526
21529
21531
21533
21562
21569
21571
21574
21575
21611
21612
21614
21616
21631
21637
21639
21640
21642
21643
21650
21657
21658
21676
21679
21680
21687
21690
21699
21702
21703
21706
21708
21709
21712
21715
21717
21720
21723
21726
21732
21735
21738
21739
21748
21754
21757
21764
21766
21770
21771
21787
21795
21797
21801
21809
21826
21827
21845
21857
21860
21867
21874
21876
21877
21878
21880
21896
21906
21912
21915
21916
21917
21920
21922
21932
21936
21937
21941
21946
21954
21955
21956
21957
21958
21962
21968
21972
21974
21976
21977
22001
22007
22017
22026
22029
22031
22043
22055
22062
22109
22114
22118
22123
22124
22127
22133
22138
22145
22146
22149
22151
22159
22167
22168
22169
22174
22180
22182
22189
22190
22191
22193
22195
22196
22197
22208
22211
22212
22221
22225
22231
22235
22241
22251
22252
22253
22254
22261
22265
22267
22278
22281
22284
22294
22301
22303
22313
22315
22317
22320
22321
22326
22331
22335
22338
22354
22370
22371
22376
22379
22386
22388
22392
22400
22404
22405
22408
22413
22415
22424
22434
22439
22440
22450
22453
22457
22475
22480
22481
22486
22489
22492
22507
22509
22516
22524
22541
22549
22553
22557
22560
22563
22564
22566
22584
22587
22606
22616
22619
22623
22634
22643
22655
22663
22679
22687
22705
22709
22712
22714
22717
22720
22725
22729
22737
22749
22751
22767
22774
22778
22786
22791
22792
22798
22806
22810
22812
22823
22825
22829
22847
22852
22869
22875
22878
22880
22883
22901
22907
22908
22925
22930
22936
22939
22940
22945
22946
22956
22970
22972
22980
22984
22997
23007
23008
23010
23011
23018
23026
23035
23038
23039
23047
23051
23058
23062
23065
23067
23068
23080
23082
23086
23090
23094
23100
23103
23115
23116
23117
23118
23119
23120
23130
23131
23133
23135
23147
23163
23166
23171
23172
23176
23177
23178
23184
23187
23188
23191
23199
23203
23207
23209
23210
23218
23219
23222
23232
23247
23255
23257
23259
23269
23278
23279
23284
23293
23306
23316
23319
23323
23328
23333
23338
23342
23343
23346
23350
23351
23352
23370
23374
23376
23377
23381
23383
23389
23391
23399
23400
23401
23405
23409
23410
23416
23422
23423
23428
23430
23433
23436
23440
23443
23446
23449
23452
23464
23467
23473
23475
23481
23482
23485
23493
23506
23511
23516
23523
23529
23532
23533
23534
23544
23558
23563
23570
23574
23582
23591
23595
23602
23604
23605
23607
23610
23616
23619
23636
23639
23644
23677
23682
23690
23698
23701
23706
23707
23709
23713
23714
23718
23724
23728
23729
23745
23747
23748
23750
23756
23766
23775
23785
23791
23792
23793
23798
23801
23803
23806
23807
23810
23815
23820
23827
23828
23838
23844
23849
23857
23860
23866
23867
23887
23891
23896
23897
23899
23900
23901
23904
23913
23927
23931
23934
23939
23945
23946
23954
23958
23962
23964
23968
23977
23987
23994
23998
23999
24020
24025
24026
24029
24032
24042
24049
24051
24057
24059
24074
24080
24081
24082
24087
24092
24093
24095
24097
24106
24107
24108
24114
24141
24142
24143
24149
24152
24153
24158
24159
24163
24164
24167
24175
24177
24178
24189
24190
24196
24199
24212
24213
24214
24219
24222
24227
24237
24242
24243
24245
24247
24248
24255
24257
24261
24262
24267
24268
24269
24274
24276
24278
24283
24304
24311
24314
24330
24331
24334
24342
24346
24348
24350
24352
24358
24376
24392
24403
24409
24423
24424
24426
24428
24436
24441
24442
24444
24448
24468
24470
24472
24485
24486
24487
24496
24497
24498
24503
24505
24512
24514
24516
24518
24527
24529
24534
24537
24541
24547
24550
24551
24557
24558
24559
24564
24566
24579
24588
24600
24604
24605
24613
24618
24621
24629
24636
24646
24647
24655
24666
24670
24681
24690
24705
24706
24713
24718
24737
24746
24749
24757
24767
24772
24778
24783
24786
24787
24788
24798
24800
24814
24817
24833
24836
24841
24842
24858
24868
24869
24871
24873
24887
24889
24895
24897
24898
24913
24914
24917
24919
24922
24923
24936
24940
24944
24945
24946
24948
24952
24954
24956
24957
24958
24960
24962
24963
24964
24966
24970
24979
24985
24987
24993
25000
25001
25008
25009
25011
25014
25018
25021
25024
25028
25034
25043
25045
25050
25061
25063
25064
25066
25073
25078
25103
25107
25112
25116
25127
25130
25136
25137
25138
25143
25146
25159
25165
25166
25167
25171
25176
25190
25191
25192
25200
25202
25204
25206
25222
25226
25238
25239
25246
25247
25249
25251
25254
25256
25257
25258
25276
25282
25285
25287
25289
25291
25293
25299
25300
25301
25303
25305
25316
25317
25324
25326
25328
25338
25345
25346
25351
25352
25355
25356
25358
25359
25361
25368
25371
25372
25376
25380
25388
25389
25392
25395
25400
25405
25409
25416
25420
25422
25424
25425
25428
25431
25439
25457
25458
25460
25462
25471
25472
25473
25477
25481
25485
25486
25490
25494
25500
25512
25513
25516
25519
25521
25525
25534
25536
25543
25552
25553
25560
25562
25565
25567
25568
25569
25581
25582
25585
25587
25589
25594
25597
25601
25602
25608
25620
25621
25623
25625
25626
25632
25636
25639
25642
25643
25649
25650
25653
25654
25666
25669
25676
25683
25697
25701
25703
25704
25708
25711
25721
25728
25732
25736
25737
25742
25747
25748
25754
25763
25767
25773
25775
25779
25782
25786
25787
25788
25791
25795
25796
25800
25801
25807
25808
25813
25822
25833
25837
25846
25848
25850
25851
25852
25854
25855
25858
25860
25864
25874
25875
25878
25882
25884
25888
25890
25897
25898
25904
25907
25918
25919
25925
25935
25936
25942
25954
25958
25960
25964
25978
25980
25987
25990
25996
26004
26005
26008
26021
26022
26025
26026
26029
26032
26035
26050
26061
26067
26068
26069
26071
26072
26073
26075
26087
26090
26093
26097
26098
26101
26102
26104
26108
26112
26121
26123
26124
26126
26139
26149
26150
26153
26156
26157
26162
26167
26169
26170
26177
26178
26179
26180
26181
26183
26191
26197
26202
26205
26207
26210
26214
26215
26222
26226
26227
26228
26234
26244
26245
26255
26272
26273
26276
26277
26285
26290
26292
26293
26295
26298
26300
26305
26307
26308
26315
26319
26321
26322
26326
26331
26339
26346
26351
26353
26355
26358
26361
26370
26373
26376
26380
26381
26385
26388
26390
26393
26397
26398
26399
26403
26405
26412
26428
26430
26432
26436
26438
26440
26441
26443
26446
26449
26450
26454
26461
26462
26463
26464
26472
26476
26480
26485
26486
26487
26495
26500
26501
26503
26512
26525
26526
26527
26529
26532
26537
26538
26547
26550
26552
26553
26562
26563
26570
26572
26591
26593
26596
26597
26598
26600
26607
26615
26616
26625
26630
26634
26635
26637
26644
26645
26647
26651
26654
26658
26659
26663
26664
26669
26678
26680
26683
26686
26687
26691
26692
26698
26699
26703
26705
26707
26712
26715
26721
26724
26725
26727
26730
26741
26742
26744
26750
26751
26756
26759
26762
26764
26767
26768
26769
26786
26787
26792
26793
26794
26796
26802
26803
26806
26808
26811
26813
26814
26820
26823
26825
26828
26829
26833
26837
26838
26843
26845
26846
26849
26850
26851
26852
26854
26856
26858
26864
26867
26871
26872
26878
26879
26881
26884
26888
26890
26893
26898
26901
26903
26904
26909
26911
26913
26916
26918
26919
26925
26931
26936
26937
26939
26940
26944
26945
26947
26951
26958
26960
26967
26972
26975
26976
26978
26981
26988
26989
26995
26996
26998
27002
27004
27007
27013
27014
27016
27019
27024
27025
27026
27027
27031
27038
27039
27040
27055
27060
27064
27065
27069
27072
27079
27083
27085
27087
27088
27092
27093
27094
27095
27096
27098
27104
27109
27110
27113
27114
27119
27123
27126
27127
27129
27131
27132
27135
27137
27140
27142
27144
27149
27150
27152
27154
27160
27161
27176
27182
27187
27198
27202
27204
27208
27214
27215
27217
27222
27229
27231
27242
27244
27256
27259
27261
27267
27271
27284
27285
27287
27288
27290
27292
27295
27296
27299
27302
27307
27308
27317
27324
27333
27339
27341
27350
27354
27360
27366
27374
27375
27377
27378
27380
27382
27385
27390
27392
27396
27403
27404
27406
27407
27418
27423
27426
27427
27428
27429
27430
27433
27442
27446
27447
27454
27466
27473
27476
27478
27480
27484
27486
27501
27506
27507
27509
27510
27511
27515
27517
27519
27521
27531
27532
27533
27535
27540
27542
27546
27549
27553
27557
27561
27571
27573
27575
27576
27578
27582
27583
27584
27593
27600
27605
27609
27613
27618
27621
27622
27623
27624
27644
27647
27653
27661
27670
27676
27677
27678
27679
27680
27684
27686
27694
27696
27697
27703
27705
27709
27712
27718
27720
27721
27723
27732
27733
27735
27738
27745
27747
27748
27751
27753
27755
27757
27758
27762
27766
27775
27777
27783
27790
27796
27799
27802
27805
27810
27811
27818
27824
27825
27826
27827
27841
27842
27846
27848
27849
27853
27855
27856
27857
27859
27867
27869
27871
27873
27882
27883
27884
27890
27894
27899
27901
27903
27904
27907
27912
27915
27918
27919
27932
27936
27943
27949
27952
27953
27955
27968
27970
27975
27979
27987
27992
27997
27999
28006
28014
28015
28017
28027
28035
28048
28049
28051
28053
28056
28057
28059
28061
28064
28065
28068
28070
28079
28082
28089
28095
28101
28106
28119
28120
28123
28126
28133
28136
28137
28141
28143
28151
28154
28158
28162
28163
28167
28168
28171
28174
28175
28176
28178
28187
28189
28194
28198
28201
28203
28204
28206
28208
28209
28211
28214
28219
28225
28227
28228
28230
28232
28240
28243
28247
28251
28255
28260
28264
28266
28269
28280
28281
28282
28284
28289
28290
28291
28292
28302
28307
28309
28312
28314
28320
28328
28342
28347
28349
28355
28362
28374
28375
28379
28380
28389
28391
28397
28398
28399
28401
28405
28419
28422
28423
28424
28426
28427
28428
28434
28440
28443
28446
28457
28461
28462
28464
28472
28476
28478
28479
28480
28494
28496
28505
28506
28508
28517
28520
28524
28526
28527
28541
28544
28546
28547
28548
28559
28564
28570
28578
28581
28583
28590
28593
28594
28601
28607
28613
28614
28616
28618
28624
28631
28635
28638
28641
28642
28645
28647
28649
28651
28652
28670
28672
28673
28675
28677
28680
28681
28685
28694
28697
28698
28700
28702
28709
28710
28711
28712
28718
28720
28724
28734
28739
28742
28745
28753
28755
28756
28758
28762
28763
28765
28770
28776
28781
28783
28794
28800
28802
28804
28813
28817
28821
28823
28825
28826
28827
28840
28846
28848
28855
28856
28858
28859
28863
28865
28876
28885
28888
28889
28890
28891
28900
28902
28906
28908
28920
28922
28924
28925
28929
28931
28932
28934
28942
28947
28949
28953
28955
28963
28966
28969
28970
28990
28993
28994
29001
29009
29012
29020
29030
29036
29038
29040
29046
29049
29051
29054
29063
29065
29069
29073
29077
29091
29094
29095
29100
29102
29111
29126
29127
29132
29135
29142
29144
29149
29150
29151
29152
29154
29156
29157
29159
29161
29168
29170
29171
29174
29182
29185
29196
29198
29201
29203
29206
29207
29212
29223
29227
29237
29242
29245
29246
29265
29269
29278
29283
29285
29286
29288
29293
29295
29297
29301
29309
29319
29323
29327
29338
29345
29350
29355
29360
29366
29369
29370
29375
29380
29383
29388
29393
29403
29404
29412
29419
29421
29422
29428
29441
29447
29448
29451
29453
29457
29459
29461
29466
29470
29471
29472
29475
29476
29480
29481
29483
29488
29493
29497
29498
29501
29507
29511
29518
29521
29524
29549
29553
29555
29559
29565
29571
29573
29581
29584
29587
29590
29596
29602
29605
29606
29608
29612
29616
29633
29636
29637
29639
29641
29642
29644
29650
29651
29658
29667
29670
29673
29674
29678
29681
29683
29686
29690
29696
29697
29701
29703
29708
29711
29718
29722
29732
29734
29742
29745
29746
29748
29755
29770
29772
29777
29781
29793
29794
29801
29802
29808
29809
29820
29825
29829
29833
29834
29835
29842
29843
29851
29855
29862
29864
29866
29869
29870
29877
29889
29891
29894
29899
29902
29913
29915
29917
29922
29928
29934
29936
29941
29946
29951
29953
29954
29958
29959
29961
29967
29969
29976
29977
29979
29988
29989
29990
29992
29994
29996
30003
30007
30013
30016
30021
30023
30032
30034
30036
30037
30047
30048
30052
30053
30055
30056
30057
30059
30060
30061
30063
30072
30073
30083
30084
30085
30090
30101
30106
30116
30121
30124
30126
30127
30128
30129
30132
30144
30148
30151
30159
30162
30174
30176
30177
30187
30188
30192
30194
30206
30215
30217
30221
30231
30234
30239
30247
30249
30262
30267
30270
30286
30291
30297
30302
30306
30307
30321
30326
30327
30330
30333
30337
30339
30342
30352
30354
30355
30356
30367
30370
30374
30375
30376
30377
30381
30386
30387
30388
30401
30405
30406
30409
30413
30415
30418
30422
30424
30427
30441
30450
30452
30453
30457
30459
30469
30472
30481
30483
30486
30501
30502
30503
30506
30511
30513
30518
30519
30524
30532
30537
30545
30547
30552
30553
30555
30559
30562
30564
30567
30568
30574
30578
30582
30585
30588
30592
30596
30598
30599
30602
30604
30605
30610
30611
30616
30620
30624
30628
30629
30632
30633
30634
30642
30644
30657
30667
30670
30672
30674
30684
30688
30695
30704
30706
30708
30712
30714
30715
30724
30725
30726
30748
30752
30754
30758
30764
30766
30772
30774
30775
30781
30786
30794
30803
30805
30806
30807
30810
30822
30827
30833
30854
30855
30865
30866
30877
30880
30881
30884
30889
30893
30896
30901
30913
30914
30916
30919
30928
30932
30936
30937
30939
30945
30950
30951
30956
30958
30960
30963
30965
30970
30974
30979
30981
30983
30985
30986
30987
30989
30996
30998
30999
31001
31005
31007
31012
31019
31023
31024
31034
31035
31036
31038
31045
31047
31053
31058
31062
31067
31074
31075
31080
31082
31083
31085
31088
31092
31093
31099
31100
31106
31113
31115
31128
31132
31133
31135
31136
31137
31139
31142
31144
31148
31153
31154
31159
31164
31168
31172
31174
31184
31197
31199
31204
31205
31208
31210
31211
31220
31225
31229
31232
31233
31236
31238
31243
31246
31247
31250
31251
31252
31256
31269
31271
31272
31276
31280
31286
31288
31289
31298
31300
31309
31310
31313
31318
31328
31335
31338
31350
31356
31361
31371
31372
31376
31377
31385
31387
31389
31397
31400
31401
31402
31403
31419
31429
31438
31458
31459
31464
31466
31472
31476
31477
31488
31492
31496
31504
31505
31516
31524
31527
31531
31540
31548
31553
31554
31563
31569
31570
31572
31575
31576
31579
31583
31585
31586
31592
31605
31609
31611
31614
31615
31620
31623
31624
31625
31628
31631
31634
31636
31643
31644
31651
31654
31656
31665
31672
31676
31677
31681
31682
31685
31691
31702
31708
31711
31712
31719
31721
31726
31728
31730
31736
31737
31741
31742
31750
31754
31755
31756
31759
31760
31762
31763
31772
31776
31780
31782
31791
31793
31804
31810
31815
31819
31823
31828
31830
31833
31847
31848
31856
31858
31870
31874
31883
31884
31886
31889
31891
31893
31898
31899
31902
31904
31910
31911
31916
31919
31925
31926
31928
31930
31933
31939
31942
31943
31952
31960
31961
31963
31967
31968
31973
31976
31977
31984
31987
31988
31993
32008
32009
32010
32011
32021
32025
32030
32037
32038
32039
32041
32043
32046
32050
32061
32062
32063
32066
32067
32071
32074
32076
32079
32080
32087
32092
32095
32097
32115
32121
32123
32127
32132
32136
32137
32140
32150
32152
32153
32154
32157
32167
32173
32185
32187
32190
32191
32192
32194
32197
32198
32214
32217
32220
32221
32229
32230
32232
32235
32236
32239
32242
32251
32253
32255
32262
32264
32266
32268
32281
32282
32288
32297
32304
32312
32314
32318
32327
32331
32342
32343
32359
32360
32362
32365
32368
32382
32387
32388
32396
32400
32408
32410
32413
32414
32426
32431
32433
32435
32437
32439
32455
32456
32461
32462
32474
32478
32479
32483
32484
32486
32493
32495
32497
32498
32500
32513
32514
32526
32530
32534
32537
32538
32541
32543
32551
32557
32568
32570
32572
32578
32579
32582
32587
32590
32596
32611
32613
32619
32623
32628
32630
32631
32632
32639
32641
32647
32655
32659
32661
32670
32674
32680
32685
32690
32695
32699
32703
32707
32708
32711
32719
32728
32731
32736
32745
32746
32752
32755
32756
32759
32763
32767
32768
32770
32772
32774
32777
32778
32787
32788
32791
32793
32795
32805
32813
32814
32820
32821
32829
32835
32853
32855
32856
32862
32865
32867
32870
32876
32885
32890
32891
32903
32910
32911
32920
32933
32946
32950
32953
32960
32969
32974
32976
32979
32988
33000
33001
33006
33008
33022
33023
33031
33032
33040
33041
33043
33048
33049
33054
33074
33078
33085
33090
33095
33096
33098
33105
33108
33122
33123
33125
33129
33134
33137
33138
33139
33156
33174
33176
33178
33180
33181
33183
33184
33187
33194
33198
33206
33211
33214
33217
33225
33226
33228
33236
33243
33244
33247
33250
33252
33253
33270
33272
33280
33295
33303
33304
33305
33311
33312
33313
33316
33320
33330
33332
33341
33353
33360
33361
33365
33378
33382
33388
33390
33391
33400
33402
33405
33411
33429
33438
33449
33456
33460
33461
33462
33464
33466
33475
33479
33480
33484
33486
33487
33491
33494
33497
33498
33517
33519
33522
33523
33532
33534
33539
33544
33547
33557
33562
33564
33566
33571
33572
33573
33576
33580
33581
33586
33587
33590
33592
33597
33598
33605
33610
33612
33614
33616
33617
33618
33622
33628
33644
33648
33649
33655
33656
33659
33667
33668
33674
33675
33683
33684
33697
33699
33704
33705
33709
33716
33717
33720
33731
33738
33741
33743
33747
33748
33757
33760
33766
33785
33790
33793
33797
33800
33802
33806
33811
33812
33813
33814
33823
33824
33825
33833
33835
33836
33839
33842
33843
33844
33850
33854
33858
33860
33861
33864
33865
33868
33872
33874
33883
33884
33890
33897
33898
33903
33908
33924
33936
33940
33943
33948
33954
33955
33958
33965
33967
33974
33977
33980
33982
33985
33994
34003
34004
34007
34008
34009
34028
34036
34042
34051
34055
34057
34058
34072
34076
34083
34091
34092
34099
34102
34103
34114
34118
34120
34127
34128
34130
34141
34142
34144
34150
34151
34170
34175
34185
34200
34211
34220
34225
34238
34241
34243
34250
34251
34252
34254
34256
34268
34270
34271
34274
34277
34287
34288
34298
34308
34309
34315
34316
34320
34323
34331
34332
34334
34335
34337
34341
34344
34351
34354
34360
34366
34369
34372
34376
34386
34393
34394
34398
34416
34425
34427
34436
34447
34449
34450
34453
34457
34458
34459
34462
34466
34467
34468
34471
34481
34482
34484
34487
34491
34507
34510
34511
34517
34523
34535
34545
34549
34551
34553
34554
34556
34564
34566
34568
34584
34585
34587
34590
34594
34601
34604
34609
34615
34617
34621
34630
34631
34633
34654
34656
34684
34686
34690
34697
34698
34708
34713
34723
34724
34727
34730
34733
34740
34742
34748
34758
34759
34769
34780
34781
34786
34787
34792
34795
34797
34799
34802
34804
34810
34811
34812
34814
34816
34821
34828
34830
34832
34836
34837
34842
34845
34846
34850
34851
34860
34867
34869
34870
34879
34884
34887
34891
34894
34895
34899
34909
34910
34911
34912
34920
34922
34930
34939
34944
34945
34953
34954
34972
34977
34992
34996
35001
35005
35015
35018
35023
35025
35040
35042
35047
35052
35055
35060
35065
35079
35082
35106
35116
35122
35123
35131
35133
35150
35156
35165
35169
35175
35177
35182
35184
35186
35192
35194
35195
35196
35201
35203
35215
35223
35229
35236
35243
35251
35255
35265
35268
35275
35278
35280
35286
35287
35298
35300
35305
35313
35315
35320
35321
35332
35334
35341
35346
35348
35350
35354
35361
35363
35365
35367
35370
35374
35383
35385
35390
35400
35412
35415
35420
35428
35436
35440
35441
35449
35450
35455
35457
35458
35460
35465
35467
35468
35470
35476
35480
35481
35486
35496
35525
35532
35540
35543
35555
35562
35587
35590
35591
35602
35612
35622
35625
35626
35627
35639
35646
35651
35656
35662
35663
35679
35684
35687
35690
35692
35707
35708
35711
35714
35730
35736
35737
35740
35744
35750
35753
35772
35779
35782
35784
35791
35793
35800
35805
35809
35813
35819
35824
35825
35831
35833
35849
35854
35856
35861
35872
35873
35879
35884
35897
35898
35899
35905
35914
35916
35921
35927
35934
35952
35955
35956
35959
35961
35971
35975
35982
35986
35990
35991
35994
35999
36002
36005
36006
36009
36025
36028
36030
36037
36042
36050
36055
36059
36063
36075
36077
36083
36087
36109
36124
36125
36127
36131
36145
36146
36147
36157
36159
36167
36174
36178
36181
36182
36190
36193
36194
36196
36215
36217
36221
36224
36233
36236
36239
36241
36251
36253
36257
36259
36264
36268
36271
36278
36286
36289
36298
36299
36300
36303
36306
36308
36312
36317
36318
36343
36345
36349
36358
36362
36363
36383
36384
36408
36419
36433
36439
36441
36459
36466
36472
36474
36486
36501
36504
36508
36520
36526
36530
36531
36535
36540
36546
36556
36560
36566
36567
36573
36574
36586
36587
36594
36614
36621
36625
36626
36628
36631
36635
36639
36651
36654
36656
36658
36663
36664
36672
36683
36697
36702
36707
36709
36713
36726
36727
36731
36733
36734
36738
36743
36750
36752
36755
36758
36764
36765
36769
36778
36779
36790
36796
36811
36822
36853
36861
36863
36866
36875
36881
36882
36895
36900
36908
36915
36926
36931
36942
36946
36947
36954
36956
36964
36965
36967
36975
36976
36983
36988
36994
37003
37005
37008
37014
37017
37020
37021
37033
37035
37039
37040
37044
37057
37086
37087
37101
37104
37110
37124
37153
37159
37161
37164
37177
37190
37203
37206
37207
37209
37215
37223
37226
37227
37234
37249
37259
37271
37272
37276
37279
37283
37284
37294
37302
37305
37308
37313
37324
37330
37334
37340
37344
37347
37349
37387
37392
37399
37403
37404
37412
37420
37427
37436
37445
37446
37471
37476
37478
37488
37490
37508
37509
37511
37514
37522
37524
37530
37550
37557
37565
37570
37573
37576
37578
37592
37597
37601
37602
37608
37614
37615
37635
37640
37657
37660
37665
37669
37677
37681
37689
37693
37694
37697
37702
37714
37719
37722
37726
37747
37764
37767
37769
37771
37794
37795
37810
37819
37820
37829
37839
37846
37849
37850
37851
37852
37855
37856
37859
37865
37872
37875
37877
37881
37888
37891
37896
37900
37901
37902
37904
37907
37911
37919
37927
37929
37935
37937
37938
37945
37946
37951
37964
37967
37971
37978
37983
37993
37996
38002
38003
38007
38012
38016
38026
38030
38039
38042
38049
38079
38082
38091
38093
38096
38114
38116
38139
38144
38148
38149
38155
38159
38163
38165
38173
38177
38178
38183
38185
38192
38194
38198
38204
38205
38206
38209
38210
38212
38216
38217
38218
38224
38227
38230
38246
38247
38250
38258
38281
38283
38285
38286
38294
38295
38297
38299
38312
38314
38319
38320
38330
38335
38345
38354
38360
38366
38372
38383
38384
38396
38400
38407
38409
38411
38422
38424
38444
38446
38458
38462
38469
38475
38476
38477
38482
38488
38492
38495
38496
38512
38517
38523
38532
38540
38541
38542
38555
38559
38561
38566
38567
38568
38572
38574
38579
38581
38586
38589
38592
38596
38600
38603
38609
38613
38614
38616
38618
38628
38631
38633
38637
38642
38658
38661
38662
38664
38670
38673
38677
38686
38688
38689
38694
38701
38703
38704
38710
38712
38713
38716
38717
38721
38723
38724
38725
38739
38748
38752
38753
38755
38761
38779
38781
38783
38787
38788
38791
38793
38796
38803
38804
38806
38813
38814
38819
38820
38827
38829
38833
38836
38839
38844
38845
38851
38852
38861
38863
38874
38879
38880
38882
38888
38890
38903
38924
38933
38934
38943
38944
38947
38955
38968
38974
38976
38979
38987
38989
38991
38994
38996
38998
39000
39004
39008
39010
39017
39018
39022
39024
39039
39044
39045
39048
39057
39058
39059
39063
39066
39071
39077
39079
39094
39104
39107
39108
39109
39121
39133
39135
39138
39140
39145
39149
39156
39160
39164
39165
39168
39173
39176
39177
39183
39184
39189
39192
39195
39205
39213
39216
39217
39223
39236
39240
39256
39259
39260
39262
39266
39270
39274
39291
39293
39298
39308
39311
39316
39320
39323
39324
39337
39341
39343
39345
39354
39358
39362
39364
39367
39371
39373
39379
39385
39389
39398
39402
39407
39408
39415
39423
39427
39429
39430
39438
39441
39444
39449
39453
39466
39473
39489
39491
39496
39502
39503
39510
39519
39522
39526
39527
39529
39535
39546
39547
39551
39564
39567
39569
39572
39581
39587
39607
39610
39611
39617
39628
39632
39634
39651
39660
39664
39665
39667
39670
39677
39681
39691
39698
39704
39720
39734
39738
39745
39746
39750
39758
39760
39762
39763
39766
39779
39785
39788
39792
39793
39799
39815
39826
39827
39829
39839
39844
39845
39848
39850
39852
39858
39863
39868
39871
39873
39883
39886
39889
39898
39899
39906
39907
39919
39921
39924
39927
39931
39932
39934
39935
39957
39959
39961
39963
39966
39972
39973
39984
39988
39997
40015
40016
40018
40019
40021
40022
40024
40034
40037
40044
40045
40053
40057
40067
40075
40081
40083
40085
40089
40101
40103
40104
40105
40106
40110
40111
40119
40121
40123
40124
40125
40126
40135
40144
40149
40153
40154
40155
40157
40162
40164
40167
40177
40180
40185
40191
40194
40196
40197
40202
40205
40207
40208
40210
40211
40213
40215
40218
40225
40228
40231
40232
40233
40246
40247
40250
40252
40256
40258
40268
40271
40282
40283
40294
40295
40300
40304
40310
40312
40314
40316
40318
40319
40325
40333
40337
40358
40359
40363
40373
40374
40377
40378
40397
40409
40420
40429
40433
40437
40440
40441
40466
40475
40476
40479
40488
40489
40492
40504
40509
40523
40524
40529
40535
40537
40543
40548
40555
40558
40562
40567
40573
40579
40583
40585
40590
40601
40607
40611
40622
40633
40634
40645
40673
40680
40687
40690
40693
40697
40699
40709
40714
40716
40725
40727
40736
40738
40742
40746
40751
40754
40757
40759
40770
40773
40774
40778
40782
40787
40790
40801
40817
40819
40822
40834
40836
40837
40844
40854
40858
40860
40865
40868
40870
40875
40883
40893
40901
40907
40910
40919
40921
40927
40930
40931
40933
40935
40940
40943
40946
40948
40949
40951
40953
40958
40959
40968
40970
40974
40982
40992
41000
41004
41007
41015
41033
41034
41040
41046
41047
41052
41054
41056
41073
41077
41090
41094
41096
41097
41113
41118
41122
41131
41133
41135
41140
41144
41146
41156
41157
41159
41176
41180
41181
41182
41190
41192
41193
41212
41222
41224
41229
41232
41247
41249
41253
41258
41259
41266
41267
41272
41278
41284
41293
41295
41296
41311
41321
41322
41324
41325
41328
41337
41349
41350
41352
41354
41357
41366
41378
41382
41385
41386
41387
41396
41398
41420
41425
41434
41439
41445
41451
41457
41463
41464
41465
41466
41470
41474
41482
41487
41490
41493
41496
41508
41511
41514
41524
41526
41530
41532
41533
41535
41536
41545
41546
41550
41551
41571
41578
41597
41598
41601
41602
41609
41610
41611
41614
41616
41617
41624
41626
41627
41631
41640
41644
41648
41651
41657
41661
41668
41674
41679
41682
41688
41690
41698
41707
41708
41710
41713
41721
41722
41725
41726
41729
41730
41731
41737
41738
41747
41750
41758
41761
41764
41774
41783
41784
41791
41797
41801
41804
41809
41810
41821
41823
41827
41849
41854
41856
41863
41864
41865
41871
41875
41881
41890
41896
41899
41905
41906
41910
41913
41916
41923
41932
41937
41939
41941
41944
41945
41948
41949
41956
41962
41968
41972
41974
41978
41989
41990
41994
41996
41997
42002
42011
42015
42020
42025
42026
42033
42035
42040
42041
42046
42064
42069
42071
42075
42076
42079
42080
42087
42089
42092
42097
42103
42109
42122
42123
42124
42126
42127
42131
42132
42143
42147
42148
42151
42152
42154
42155
42165
42169
42171
42181
42182
42188
42191
42195
42197
42209
42210
42211
42213
42217
42223
42230
42231
42244
42258
42264
42265
42278
42280
42284
42288
42290
42298
42299
42302
42304
42312
42313
42320
42321
42324
42329
42337
42347
42351
42353
42355
42358
42364
42374
42387
42388
42390
42395
42400
42406
42408
42411
42418
42422
42434
42436
42440
42449
42457
42471
42473
42478
42481
42488
42497
42503
42517
42518
42519
42524
42528
42538
42552
42553
42554
42558
42562
42568
42574
42576
42582
42589
42593
42596
42597
42600
42609
42611
42617
42622
42624
42627
42638
42641
42653
42654
42657
42658
42662
42667
42670
42676
42683
42693
42708
42716
42719
42741
42743
42744
42750
42754
42761
42763
42770
42773
42782
42791
42806
42820
42824
42847
42851
42862
42864
42866
42878
42880
42882
42899
42901
42908
42909
42910
42912
42917
42921
42922
42924
42927
42935
42936
42942
42946
42951
42954
42978
42983
42984
42985
42988
43003
43013
43017
43020
43025
43034
43039
43041
43044
43053
43061
43069
43070
43073
43074
43077
43081
43086
43087
43093
43096
43098
43104
43105
43109
43110
43111
43113
43117
43118
43119
43126
43128
43130
43141
43147
43148
43150
43168
43175
43180
43182
43184
43186
43187
43188
43190
43191
43197
43216
43218
43222
43227
43229
43232
43236
43237
43240
43244
43245
43252
43253
43259
43261
43262
43272
43277
43278
43288
43290
43291
43297
43312
43313
43315
43317
43322
43323
43325
43326
43327
43331
43332
43334
43335
43340
43351
43360
43367
43386
43391
43396
43398
43401
43403
43416
43417
43420
43422
43428
43429
43431
43432
43444
43463
43473
43477
43482
43487
43491
43495
43499
43500
43506
43512
43513
43515
43523
43527
43533
43537
43544
43551
43554
43559
43568
43575
43580
43581
43584
43588
43590
43604
43609
43612
43618
43623
43637
43638
43643
43649
43658
43666
43676
43677
43678
43679
43681
43690
43694
43697
43698
43701
43703
43705
43708
43712
43723
43729
43739
43740
43748
43751
43752
43759
43765
43768
43769
43772
43775
43783
43802
43803
43807
43813
43815
43820
43823
43824
43826
43832
43846
43849
43858
43861
43868
43870
43879
43884
43886
43890
43894
43898
43899
43913
43915
43916
43923
43930
43936
43937
43942
43943
43947
43948
43951
43952
43956
43957
43960
43962
43963
43973
43977
43985
43992
44000
44004
44007
44025
44028
44032
44035
44038
44051
44054
44055
44057
44062
44068
44069
44070
44078
44080
44089
44090
44094
44097
44104
44106
44109
44110
44121
44126
44128
44132
44133
44134
44140
44143
44150
44156
44157
44158
44162
44172
44175
44183
44187
44194
44195
44203
44215
44227
44230
44232
44234
44235
44239
44241
44243
44244
44245
44247
44248
44249
44254
44261
44262
44266
44273
44275
44276
44280
44286
44291
44299
44308
44311
44315
44319
44326
44334
44338
44340
44341
44342
44345
44347
44348
44356
44361
44366
44375
44384
44385
44388
44391
44406
44411
44412
44414
44418
44421
44428
44434
44435
44436
44455
44461
44470
44475
44477
44484
44491
44494
44496
44500
44503
44510
44518
44524
44525
44528
44532
44537
44539
44543
44552
44555
44557
44559
44567
44570
44571
44573
44577
44583
44587
44591
44598
44604
44611
44618
44620
44623
44624
44625
44632
44637
44638
44652
44653
44655
44664
44666
44673
44675
44683
44686
44687
44689
44690
44693
44694
44698
44699
44700
44703
44708
44711
44718
44719
44729
44731
44737
44741
44742
44743
44753
44754
44756
44759
44760
44761
44762
44763
44764
44765
44766
44767
44775
44777
44779
44781
44790
44799
44801
44809
44820
44834
44841
44843
44851
44853
44861
44867
44876
44882
44886
44887
44892
44898
44913
44914
44915
44930
44932
44933
44936
44943
44945
44954
44957
44964
44965
44970
44975
44983
44984
44989
44997
45011
45024
45025
45031
45050
45059
45062
45070
45074
45092
45099
45100
45102
45104
45112
45113
45122
45128
45151
45157
45158
45164
45166
45167
45168
45170
45172
45175
45180
45184
45185
45186
45190
45198
45203
45206
45222
45224
45225
45226
45227
45229
45235
45238
45243
45248
45259
45264
45265
45266
45268
45272
45275
45277
45283
45285
45293
45295
45300
45304
45314
45315
45320
45322
45327
45329
45337
45340
45342
45344
45350
45356
45357
45362
45372
45381
45384
45397
45410
45413
45414
45416
45418
45420
45427
45430
45433
45438
45439
45445
45446
45451
45456
45460
45461
45473
45481
45484
45486
45491
45493
45494
45495
45497
45501
45505
45506
45511
45516
45517
45523
45524
45528
45556
45559
45562
45566
45575
45580
45585
45587
45590
45592
45596
45597
45598
45603
45610
45623
45628
45647
45648
45659
45672
45676
45678
45679
45681
45683
45689
45693
45698
45702
45705
45710
45727
45728
45735
45740
45741
45747
45752
45760
45764
45781
45785
45788
45792
45793
45794
45808
45810
45816
45822
45828
45829
45833
45842
45845
45848
45849
45851
45857
45866
45869
45874
45875
45883
45888
45891
45892
45901
45907
45909
45910
45913
45914
45916
45917
45925
45929
45935
45938
45947
45951
45956
45967
45969
45970
45973
45976
45977
45978
45980
45982
45983
45990
45996
45998
46000
46001
46006
46012
46015
46022
46027
46030
46037
46040
46051
46053
46055
46057
46065
46067
46070
46075
46076
46081
46082
46085
46088
46092
46094
46104
46107
46110
46116
46120
46131
46134
46136
46143
46145
46146
46151
46153
46157
46164
46170
46171
46175
46177
46179
46182
46186
46187
46192
46204
46207
46208
46216
46218
46226
46236
46237
46241
46252
46256
46260
46262
46264
46275
46277
46280
46284
46288
46298
46301
46303
46307
46317
46319
46325
46326
46328
46329
46335
46351
46352
46353
46354
46356
46362
46375
46376
46380
46385
46394
46395
46400
46403
46404
46405
46407
46421
46426
46428
46430
46439
46446
46449
46450
46460
46465
46472
46479
46480
46492
46501
46503
46508
46513
46528
46530
46539
46543
46545
46548
46549
46562
46565
46567
46578
46581
46589
46590
46594
46596
46598
46599
46605
46614
46617
46618
46625
46626
46627
46641
46642
46647
46649
46654
46656
46666
46672
46682
46688
46689
46691
46693
46694
46697
46701
46702
46721
46725
46730
46734
46740
46743
46748
46759
46760
46764
46769
46773
46776
46779
46782
46784
46785
46786
46792
46795
46800
46806
46812
46817
46820
46822
46824
46831
46834
46839
46840
46841
46842
46843
46845
46856
46857
46861
46865
46866
46869
46879
46884
46886
46891
46892
46904
46907
46908
46909
46916
46917
46924
46938
46943
46944
46950
46951
46958
46962
46968
46975
46983
46986
46990
46992
46993
46995
46996
47004
47005
47016
47020
47030
47033
47034
47039
47042
47063
47067
47069
47073
47078
47080
47085
47086
47088
47090
47093
47095
47101
47127
47132
47136
47137
47140
47141
47142
47145
47146
47147
47148
47152
47156
47159
47160
47166
47171
47173
47177
47179
47181
47185
47186
47192
47193
47212
47216
47229
47233
47237
47238
47242
47249
47251
47261
47270
47272
47278
47281
47283
47295
47298
47299
47300
47304
47310
47319
47321
47324
47328
47339
47340
47343
47354
47355
47362
47372
47375
47379
47380
47382
47384
47386
47390
47401
47418
47424
47428
47429
47435
47436
47449
47450
47451
47456
47458
47464
47465
47471
47472
47473
47479
47480
47490
47496
47497
47499
47506
47507
47508
47523
47525
47528
47530
47537
47548
47553
47559
47563
47566
47571
47576
47581
47586
47589
47591
47597
47601
47605
47606
47610
47615
47618
47621
47623
47624
47627
47629
47632
47636
47638
47644
47647
47652
47661
47664
47667
47668
47678
47680
47681
47685
47686
47690
47702
47705
47709
47716
47719
47720
47721
47725
47727
47732
47734
47736
47743
47745
47746
47748
47750
47751
47753
47756
47760
47761
47766
47776
47777
47779
47790
47799
47803
47804
47805
47806
47807
47809
47813
47823
47829
47830
47831
47840
47851
47855
47858
47860
47862
47864
47865
47874
47880
47884
47888
47890
47900
47901
47903
47904
47908
47915
47919
47923
47928
47930
47941
47945
47948
47950
47953
47957
47958
47962
47963
47986
47997
48005
48006
48016
48017
48037
48047
48050
48055
48061
48064
48067
48071
48072
48079
48084
48086
48090
48097
48106
48109
48118
48122
48129
48132
48133
48135
48144
48145
48147
48148
48156
48158
48164
48169
48171
48172
48174
48177
48179
48182
48187
48193
48197
48203
48206
48207
48220
48221
48223
48225
48228
48241
48260
48266
48281
48290
48292
48293
48305
48310
48311
48312
48315
48322
48323
48327
48333
48336
48338
48346
48349
48350
48356
48360
48361
48365
48367
48375
48381
48382
48387
48391
48392
48399
48401
48427
48431
48433
48437
48438
48439
48441
48449
48451
48453
48455
48458
48461
48462
48471
48477
48479
48486
48490
48504
48506
48512
48513
48516
48517
48520
48531
48535
48541
48543
48544
48546
48548
48552
48557
48579
48584
48591
48593
48598
48599
48605
48607
48620
48624
48634
48636
48637
48648
48657
48665
48670
48679
48682
48700
48702
48707
48709
48714
48719
48720
48729
48730
48734
48741
48742
48744
48746
48747
48748
48753
48755
48756
48766
48767
48770
48782
48785
48797
48799
48806
48808
48812
48816
48825
48829
48835
48856
48858
48862
48863
48865
48867
48872
48875
48878
48882
48886
48888
48896
48905
48906
48908
48909
48910
48912
48913
48916
48919
48920
48930
48931
48939
48941
48948
48949
48955
48956
48958
48960
48971
48972
48973
48981
48984
48987
48989
48995
48998
49005
49026
49048
49057
49066
49067
49068
49073
49086
49087
49089
49093
49096
49101
49103
49106
49116
49117
49129
49132
49134
49140
49146
49148
49149
49155
49156
49159
49171
49172
49174
49177
49178
49182
49203
49214
49215
49226
49230
49235
49236
49246
49256
49262
49263
49264
49265
49272
49287
49293
49296
49297
49299
49303
49304
49306
49310
49313
49315
49317
49318
49344
49345
49347
49357
49362
49363
49365
49371
49374
49378
49379
49385
49399
49416
49422
49427
49431
49433
49436
49444
49447
49448
49454
49457
49461
49468
49469
49470
49478
49498
49511
49519
49524
49525
49528
49540
49542
49543
49544
49546
49547
49549
49560
49569
49577
49578
49580
49585
49591
49601
49608
49611
49618
49621
49627
49630
49635
49646
49655
49659
49662
49664
49667
49670
49672
49677
49695
49708
49713
49714
49715
49722
49723
49729
49731
49733
49734
49736
49742
49745
49751
49758
49769
49774
49786
49787
49792
49794
49796
49797
49800
49805
49806
49809
49814
49819
49821
49830
49835
49837
49853
49857
49860
49862
49877
49879
49894
49904
49905
49907
49912
49916
49917
49926
49933
49937
49941
49945
49953
49963
49967
49975
49985
49987
49989
49993
