1
8
13
29
31
32
36
37
39
43
51
54
55
59
73
77
79
88
105
108
111
114
116
121
124
125
128
129
140
147
154
162
163
167
172
175
182
184
188
192
203
208
218
226
228
229
234
252
257
260
261
274
280
281
284
287
296
300
301
307
312
313
314
326
335
336
337
343
350
352
356
362
371
375
380
386
399
412
414
415
419
425
426
429
432
437
447
455
463
464
465
469
474
478
480
488
495
496
497
507
519
520
533
539
547
549
555
556
558
565
568
575
579
587
588
594
595
596
604
606
611
631
647
648
651
652
656
665
675
678
679
702
706
708
724
725
730
750
770
775
777
781
782
793
796
805
809
812
815
826
836
837
840
850
854
855
863
904
911
924
928
951
953
957
976
980
986
987
988
1002
1014
1019
1027
1033
1034
1038
1049
1051
1052
1060
1061
1064
1076
1092
1097
1113
1116
1126
1137
1140
1141
1148
1154
1157
1174
1185
1191
1197
1199
1201
1234
1235
1238
1243
1244
1255
1286
1290
1295
1299
1300
1301
1305
1307
1311
1313
1315
1320
1326
1332
1336
1337
1341
1342
1347
1362
1366
1368
1375
1377
1379
1385
1397
1398
1402
1408
1417
1420
1426
1431
1441
1445
1457
1464
1470
1471
1472
1483
1504
1512
1513
1526
1529
1548
1558
1567
1581
1583
1592
1593
1606
1608
1612
1614
1622
1623
1629
1643
1644
1645
1655
1656
1658
1669
1674
1679
1680
1681
1688
1699
1705
1707
1710
1727
1730
1739
1740
1742
1743
1749
1752
1757
1766
1771
1779
1790
1794
1795
1804
1809
1828
1830
1833
1843
1847
1860
1872
1873
1884
1891
1901
1908
1910
1918
1919
1924
1931
1941
1952
1957
1964
1968
1969
1987
1992
2011
2019
2024
2030
2054
2061
2063
2072
2073
2076
2095
2096
2099
2106
2115
2119
2139
2143
2152
2154
2180
2181
2186
2194
2207
2209
2223
2229
2231
2233
2250
2253
2270
2278
2286
2288
2291
2301
2302
2306
2310
2314
2317
2319
2322
2330
2331
2355
2363
2389
2392
2403
2407
2412
2413
2427
2431
2433
2437
2441
2447
2448
2462
2465
2470
2482
2486
2497
2498
2505
2509
2514
2519
2522
2523
2524
2528
2545
2550
2551
2554
2555
2556
2567
2571
2582
2592
2596
2613
2620
2622
2629
2632
2634
2635
2636
2637
2639
2644
2647
2648
2655
2669
2683
2684
2701
2703
2704
2710
2712
2715
2717
2725
2729
2732
2752
2753
2768
2788
2801
2809
2814
2819
2820
2823
2847
2851
2873
2881
2893
2895
2897
2901
2907
2910
2929
2930
2939
2942
2945
2946
2948
2955
2968
2975
2984
2985
2988
3000
3017
3019
3020
3025
3030
3039
3052
3053
3062
3064
3068
3074
3084
3086
3094
3095
3102
3111
3118
3132
3134
3140
3142
3149
3159
3163
3176
3178
3181
3207
3208
3239
3240
3244
3246
3251
3255
3259
3268
3270
3272
3274
3275
3279
3283
3287
3297
3303
3306
3312
3315
3338
3340
3365
3374
3379
3380
3383
3387
3399
3402
3403
3404
3415
3427
3429
3431
3435
3446
3452
3453
3457
3464
3471
3476
3481
3484
3489
3499
3500
3501
3504
3508
3524
3531
3532
3535
3537
3538
3547
3568
3578
3583
3585
3589
3604
3608
3613
3615
3622
3625
3633
3635
3663
3675
3677
3680
3681
3694
3697
3698
3700
3701
3702
3711
3714
3716
3721
3727
3736
3740
3758
3765
3772
3776
3784
3785
3797
3802
3810
3820
3824
3828
3844
3846
3849
3854
3857
3867
3868
3874
3876
3883
3889
3891
3898
3934
3938
3951
3957
3966
3980
3987
3997
4009
4011
4020
4028
4031
4032
4038
4040
4048
4061
4068
4070
4073
4083
4093
4098
4100
4102
4105
4106
4108
4112
4117
4118
4124
4141
4155
4163
4164
4170
4175
4176
4189
4193
4197
4214
4221
4223
4224
4226
4232
4236
4238
4239
4244
4250
4258
4266
4278
4289
4294
4299
4303
4313
4314
4319
4323
4328
4346
4365
4375
4378
4379
4380
4381
4384
4385
4393
4403
4408
4415
4417
4418
4426
4431
4432
4436
4442
4445
4448
4453
4455
4456
4462
4466
4467
4470
4471
4474
4475
4480
4482
4486
4493
4499
4504
4515
4520
4523
4541
4542
4543
4545
4552
4558
4570
4573
4589
4590
4604
4611
4613
4617
4620
4622
4623
4630
4633
4634
4640
4656
4657
4667
4680
4684
4685
4688
4695
4696
4699
4725
4729
4732
4735
4747
4751
4758
4760
4761
4768
4770
4782
4784
4787
4795
4815
4816
4819
4823
4826
4829
4834
4844
4857
4861
4869
4875
4878
4881
4882
4907
4909
4917
4919
4930
4936
4942
4957
4961
4985
4987
4988
5009
5015
5020
5022
5026
5040
5045
5048
5049
5054
5070
5077
5078
5092
5096
5097
5105
5108
5109
5112
5115
5119
5122
5128
5163
5165
5171
5181
5190
5194
5216
5219
5230
5232
5236
5237
5245
5247
5251
5256
5263
5269
5277
5278
5284
5290
5296
5303
5304
5306
5309
5311
5316
5319
5321
5333
5337
5349
5355
5360
5374
5375
5377
5384
5406
5413
5416
5418
5419
5424
5425
5437
5461
5464
5471
5474
5492
5499
5512
5513
5515
5527
5533
5534
5538
5540
5553
5561
5570
5571
5575
5580
5584
5588
5606
5607
5623
5667
5693
5709
5718
5729
5738
5753
5759
5770
5777
5778
5779
5788
5789
5795
5797
5805
5806
5810
5826
5833
5834
5837
5844
5853
5863
5869
5895
5911
5916
5921
5926
5927
5983
6016
6052
6059
6062
6076
6084
6121
6123
6127
6128
6149
6165
6167
6168
6196
6208
6212
6222
6227
6237
6241
6244
6249
6262
6267
6273
6275
6278
6287
6291
6309
6314
6319
6328
6356
6371
6378
6382
6402
6410
6417
6426
6445
6451
6453
6455
6456
6480
6483
6495
6503
6505
6516
6518
6521
6524
6530
6531
6533
6536
6540
6555
6567
6569
6575
6584
6589
6593
6594
6613
6617
6622
6624
6629
6632
6635
6640
6644
6672
6674
6679
6702
6705
6709
6727
6751
6769
6775
6777
6783
6784
6803
6806
6807
6814
6822
6829
6845
6858
6862
6880
6887
6896
6904
6910
6913
6934
6950
6951
6967
6970
6979
6989
7009
7028
7035
7046
7050
7060
7075
7079
7080
7081
7093
7096
7098
7117
7121
7124
7146
7147
7150
7155
7158
7172
7177
7181
7185
7195
7196
7205
7206
7208
7210
7229
7236
7238
7242
7254
7256
7261
7273
7285
7287
7288
7290
7302
7306
7308
7313
7314
7316
7331
7336
7342
7350
7362
7368
7369
7378
7396
7415
7420
7425
7428
7432
7434
7441
7450
7458
7459
7467
7472
7476
7481
7488
7495
7512
7516
7521
7524
7539
7547
7557
7560
7564
7565
7585
7591
7595
7597
7607
7609
7610
7613
7616
7634
7640
7641
7645
7649
7651
7674
7689
7708
7714
7719
7731
7746
7750
7754
7763
7771
7775
7780
7789
7791
7814
7821
7841
7844
7851
7856
7872
7888
7895
7899
7901
7917
7919
7930
7937
7953
7954
7961
7964
7991
7994
7997
8004
8014
8026
8036
8037
8038
8057
8058
8061
8064
8073
8075
8082
8084
8106
8112
8114
8117
8132
8147
8195
8201
8214
8216
8220
8247
8251
8259
8262
8267
8276
8277
8305
8308
8311
8340
8349
8358
8361
8362
8363
8367
8375
8377
8392
8409
8413
8415
8416
8427
8440
8441
8458
8464
8476
8480
8505
8508
8529
8548
8550
8573
8592
8596
8610
8622
8647
8648
8653
8684
8696
8700
8704
8718
8727
8736
8739
8742
8744
8745
8748
8749
8755
8767
8776
8786
8787
8799
8805
8814
8819
8824
8828
8830
8836
8840
8844
8861
8864
8871
8880
8884
8887
8901
8912
8916
8918
8920
8943
8952
8959
8975
9007
9011
9014
9027
9035
9051
9054
9062
9088
9089
9095
9099
9102
9135
9154
9157
9161
9163
9172
9177
9183
9199
9201
9211
9217
9218
9223
9226
9242
9245
9246
9249
9255
9263
9271
9280
9285
9298
9300
9307
9310
9312
9315
9325
9340
9348
9358
9371
9388
9390
9400
9434
9438
9449
9453
9458
9478
9482
9483
9493
9500
9505
9520
9521
9523
9550
9555
9556
9598
9601
9605
9607
9611
9612
9614
9615
9619
9641
9673
9686
9694
9696
9697
9710
9721
9722
9737
9744
9752
9753
9755
9758
9764
9768
9769
9772
9778
9813
9828
9830
9836
9844
9849
9852
9861
9866
9867
9910
9916
9918
9921
9928
9959
9971
9974
9981
9990
10000
10004
10011
10023
10034
10040
10050
10054
10081
10082
10088
10096
10108
10109
10111
10120
10124
10126
10137
10152
10172
10177
10178
10204
10213
10220
10251
10265
10266
10282
10286
10287
10296
10330
10331
10338
10345
10350
10363
10369
10395
10406
10409
10422
10434
10445
10452
10458
10470
10481
10514
10526
10528
10536
10565
10572
10587
10588
10590
10594
10645
10652
10656
10667
10670
10713
10721
10730
10732
10743
10749
10756
10759
10760
10761
10767
10774
10780
10783
10791
10794
10806
10815
10816
10831
10840
10845
10848
10854
10874
10880
10881
10887
10899
10900
10908
10914
10918
10923
10930
10951
10954
10958
10964
10968
10981
10988
10996
11006
11028
11037
11065
11069
11074
11091
11093
11098
11104
11113
11118
11141
11143
11146
11147
11149
11155
11172
11175
11179
11185
11192
11194
11214
11222
11230
11236
11240
11254
11285
11298
11304
11331
11343
11351
11406
11410
11439
11447
11448
11450
11466
11482
11517
11519
11531
11539
11591
11609
11613
11617
11620
11629
11634
11642
11649
11652
11666
11681
11684
11686
11699
11701
11704
11707
11723
11730
11731
11739
11741
11758
11763
11768
11774
11781
11813
11820
11825
11829
11837
11838
11846
11851
11853
11870
11874
11896
11960
11988
11990
11995
11996
11997
12008
12016
12020
12023
12025
12039
12041
12048
12052
12054
12058
12066
12072
12086
12101
12106
12107
12124
12129
12135
12167
12168
12186
12189
12196
12199
12209
12220
12222
12236
12245
12248
12280
12288
12294
12302
12314
12318
12326
12329
12339
12353
12356
12374
12375
12376
12381
12382
12390
12400
12425
12438
12439
12450
12454
12460
12470
12471
12473
12475
12497
12513
12517
12520
12528
12539
12540
12541
12572
12576
12587
12591
12598
12602
12615
12619
12638
12641
12651
12654
12687
12697
12709
12711
12716
12722
12735
12739
12741
12742
12747
12763
12770
12776
12788
12794
12799
12802
12803
12816
12829
12832
12854
12860
12869
12890
12904
12907
12914
12917
12920
12928
12934
12937
12943
12975
12979
12994
13001
13023
13040
13042
13044
13051
13057
13058
13068
13084
13097
13101
13102
13109
13134
13145
13153
13157
13162
13174
13177
13189
13200
13202
13207
13219
13221
13236
13255
13258
13274
13278
13285
13294
13318
13328
13335
13337
13351
13355
13356
13366
13368
13379
13390
13394
13395
13400
13408
13417
13423
13429
13449
13459
13464
13481
13482
13491
13507
13514
13518
13533
13536
13542
13549
13552
13553
13558
13566
13568
13581
13589
13600
13602
13630
13631
13632
13633
13644
13645
13649
13651
13661
13666
13671
13689
13696
13703
13707
13717
13719
13720
13725
13750
13753
13765
13775
13778
13781
13789
13796
13798
13807
13812
13822
13823
13838
13840
13855
13858
13869
13879
13892
13898
13912
13913
13922
13933
13940
13947
13992
14029
14045
14050
14059
14064
14088
14092
14101
14103
14108
14109
14122
14137
14157
14160
14163
14170
14179
14183
14194
14205
14220
14221
14222
14233
14237
14240
14265
14273
14275
14289
14299
14313
14314
14356
14358
14362
14367
14415
14418
14429
14432
14437
14466
14471
14486
14498
14504
14510
14511
14523
14534
14554
14560
14575
14585
14588
14605
14608
14628
14640
14641
14645
14656
14665
14666
14681
14688
14709
14711
14713
14714
14722
14738
14742
14743
14762
14764
14779
14781
14784
14790
14812
14837
14856
14858
14868
14869
14870
14876
14882
14885
14889
14903
14906
14912
14931
14933
14960
14962
14965
14968
15008
15010
15019
15025
15030
15031
15042
15043
15046
15056
15058
15060
15061
15062
15067
15069
15092
15102
15114
15115
15121
15123
15125
15132
15133
15146
15154
15165
15172
15186
15195
15200
15205
15212
15228
15232
15243
15265
15297
15320
15358
15371
15374
15377
15380
15394
15397
15400
15403
15404
15412
15422
15431
15446
15447
15466
15486
15495
15497
15499
15503
15508
15509
15517
15526
15527
15529
15532
15548
15551
15552
15557
15558
15561
15569
15576
15585
15591
15603
15611
15612
15621
15645
15695
15704
15708
15716
15717
15718
15727
15734
15746
15752
15755
15776
15777
15787
15789
15793
15799
15811
15836
15843
15844
15854
15880
15884
15886
15889
15899
15901
15912
15913
15925
15954
15976
15985
15991
16003
16027
16029
16031
16034
16044
16045
16057
16073
16076
16078
16092
16116
16133
16158
16178
16179
16188
16193
16202
16207
16214
16222
16236
16243
16256
16270
16275
16283
16294
16304
16333
16352
16357
16366
16380
16382
16386
16408
16419
16420
16425
16430
16441
16448
16455
16468
16492
16500
16514
16516
16519
16532
16546
16560
16563
16584
16592
16593
16606
16620
16640
16651
16666
16676
16690
16710
16712
16721
16723
16742
16743
16746
16748
16763
16767
16776
16782
16791
16795
16813
16814
16824
16826
16831
16843
16870
16883
16890
16893
16895
16917
16921
16928
16931
16933
16937
16947
16964
16968
17000
17002
17020
17021
17022
17038
17053
17069
17087
17090
17098
17108
17126
17156
17164
17172
17199
17205
17207
17211
17222
17228
17246
17263
17265
17271
17295
17301
17304
17305
17313
17326
17330
17334
17335
17367
17377
17379
17380
17381
17388
17396
17418
17430
17433
17437
17444
17455
17470
17480
17483
17486
17489
17490
17493
17504
17516
17519
17521
17532
17533
17537
17561
17570
17580
17599
17601
17607
17608
17619
17620
17624
17628
17633
17642
17654
17660
17673
17674
17676
17695
17699
17702
17735
17741
17770
17781
17788
17807
17839
17845
17850
17853
17855
17882
17888
17900
17916
17917
17920
17939
17944
17956
17962
17963
17967
17970
17974
17981
17984
17992
18001
18005
18016
18029
18035
18046
18052
18071
18080
18085
18086
18087
18104
18107
18115
18127
18131
18134
18135
18148
18155
18180
18190
18193
18201
18208
18212
18214
18217
18221
18222
18229
18232
18250
18251
18264
18269
18272
18277
18280
18286
18322
18330
18351
18356
18357
18368
18381
18396
18399
18401
18404
18414
18431
18434
18435
18446
18450
18452
18486
18489
18500
18538
18546
18554
18588
18589
18607
18622
18623
18626
18628
18629
18635
18639
18648
18656
18659
18666
18678
18703
18704
18727
18730
18731
18742
18749
18755
18768
18770
18771
18803
18815
18820
18841
18843
18875
18876
18884
18894
18903
18904
18907
18915
18916
18926
18930
18936
18941
18944
18978
18982
19015
19027
19035
19049
19050
19053
19066
19067
19070
19089
19098
19103
19107
19116
19117
19129
19131
19132
19152
19154
19155
19157
19158
19162
19176
19182
19193
19195
19205
19214
19215
19223
19238
19250
19254
19256
19264
19269
19270
19271
19291
19309
19321
19341
19344
19359
19376
19377
19388
19389
19401
19403
19407
19433
19437
19454
19463
19467
19469
19489
19498
19501
19509
19514
19553
19557
19573
19584
19589
19594
19604
19607
19612
19614
19616
19623
19636
19639
19665
19678
19679
19681
19687
19697
19708
19718
19720
19721
19722
19742
19744
19748
19757
19762
19764
19767
19773
19783
19785
19790
19802
19805
19810
19813
19819
19831
19859
19861
19869
19882
19887
19889
19890
19913
19914
19915
19923
19936
19939
19944
19976
19979
19984
19986
20008
20045
20051
20062
20083
20099
20101
20123
20135
20150
20152
20160
20161
20162
20193
20197
20198
20200
20221
20223
20231
20233
20234
20240
20261
20262
20277
20278
20283
20291
20293
20295
20303
20308
20335
20339
20341
20342
20365
20375
20376
20377
20400
20401
20410
20414
20416
20425
20427
20428
20445
20447
20448
20455
20465
20473
20476
20477
20493
20506
20512
20524
20526
20546
20572
20575
20586
20589
20590
20599
20613
20615
20618
20630
20631
20636
20647
20663
20670
20672
20679
20683
20687
20689
20701
20702
20703
20718
20725
20730
20741
20746
20748
20752
20758
20795
20798
20800
20807
20809
20816
20817
20840
20841
20872
20880
20881
20884
20917
20920
20930
20932
20941
20944
20950
20958
20964
20968
20989
20991
20994
21001
21006
21021
21039
21041
21043
21052
21056
21057
21068
21074
21077
21080
21082
21095
21101
21111
21115
21117
21123
21139
21145
21146
21182
21185
21215
21246
21256
21262
21279
21281
21282
21291
21299
21308
21312
21313
21325
21334
21335
21357
21358
21377
21378
21398
21401
21403
21412
21434
21439
21447
21453
21469
21477
21497
21500
21505
21511
21512
21526
21531
21569
21571
21574
21614
21616
21631
21637
21640
21642
21643
21658
21680
21687
21690
21702
21706
21712
21720
21735
21739
21766
21770
21809
21845
21867
21878
21880
21906
21915
21916
21917
21920
21941
21946
21954
21955
21956
21958
21976
22055
22062
22109
22138
22159
22174
22189
22191
22211
22212
22221
22225
22241
22251
22252
22261
22265
22267
22301
22317
22320
22321
22326
22331
22354
22379
22388
22404
22408
22415
22424
22450
22480
22481
22489
22492
22524
22553
22563
22564
22566
22623
22655
22663
22705
22709
22714
22725
22774
22778
22786
22792
22823
22829
22869
22878
22880
22883
22907
22930
22936
22972
22984
22997
23008
23011
23038
23047
23051
23065
23068
23080
23086
23090
23100
23115
23120
23147
23166
23171
23176
23188
23207
23210
23218
23219
23255
23259
23269
23316
23319
23333
23342
23343
23352
23391
23400
23409
23410
23422
23423
23428
23430
23443
23446
23473
23475
23482
23493
23511
23523
23529
23534
23570
23595
23602
23604
23610
23619
23677
23682
23690
23706
23709
23714
23724
23728
23729
23747
23748
23750
23785
23798
23801
23810
23815
23857
23866
23887
23891
23899
23900
23901
23913
23931
23934
23945
23954
23962
23964
23987
23994
23998
24020
24025
24026
24049
24057
24081
24082
24087
24093
24095
24097
24106
24108
24149
24152
24159
24163
24175
24177
24178
24189
24190
24196
24213
24219
24222
24237
24242
24243
24247
24248
24255
24267
24268
24269
24276
24283
24304
24348
24358
24403
24409
24424
24426
24436
24448
24470
24472
24487
24496
24512
24527
24537
24550
24557
24558
24559
24566
24579
24613
24618
24636
24666
24670
24705
24713
24718
24737
24749
24786
24798
24800
24833
24842
24858
24869
24898
24913
24923
24936
24940
24945
24952
24956
24957
24966
24979
24987
25000
25008
25011
25014
25018
25024
25043
25045
25050
25063
25078
25116
25127
25130
25146
25165
25166
25171
25176
25191
25204
25226
25239
25246
25249
25251
25254
25258
25287
25293
25324
25326
25338
25346
25356
25358
25361
25372
25376
25380
25389
25405
25422
25457
25458
25462
25471
25473
25477
25485
25500
25512
25525
25534
25536
25552
25568
25569
25582
25585
25594
25597
25620
25621
25626
25632
25639
25642
25649
25666
25669
25676
25697
25701
25703
25732
25736
25737
25742
25747
25754
25763
25773
25779
25788
25795
25796
25807
25813
25822
25833
25837
25846
25848
25851
25852
25854
25855
25860
25864
25875
25878
25884
25898
25904
25907
25919
25925
25935
25936
25942
25964
25980
26004
26005
26008
26022
26025
26026
26035
26050
26067
26068
26073
26075
26087
26090
26098
26101
26102
26104
26121
26123
26126
26139
26153
26157
26170
26178
26179
26181
26191
26197
26205
26207
26214
26215
26244
26272
26276
26277
26285
26290
26292
26293
26295
26305
26315
26321
26326
26346
26351
26353
26355
26385
26390
26397
26398
26399
26403
26412
26430
26438
26461
26463
26476
26480
26485
26486
26495
26500
26501
26503
26512
26525
26527
26529
26532
26547
26552
26562
26572
26593
26596
26597
26598
26607
26616
26625
26654
26669
26680
26683
26699
26703
26705
26712
26715
26721
26725
26730
26750
26756
26762
26769
26786
26787
26792
26793
26794
26796
26802
26813
26820
26823
26829
26837
26843
26845
26849
26851
26856
26867
26879
26881
26888
26898
26903
26909
26911
26919
26925
26945
26947
26958
26967
26972
26975
26978
26988
26989
26998
27004
27007
27013
27014
27016
27024
27025
27026
27027
27031
27039
27040
27055
27060
27069
27083
27085
27088
27093
27098
27109
27110
27119
27127
27129
27140
27149
27150
27152
27182
27202
27204
27208
27215
27217
27222
27229
27231
27244
27261
27267
27284
27285
27287
27292
27296
27307
27317
27339
27360
27382
27385
27392
27407
27426
27430
27433
27447
27476
27480
27506
27509
27510
27521
27532
27535
27561
27571
27576
27584
27600
27609
27644
27647
27653
27661
27670
27678
27679
27684
27694
27697
27705
27709
27745
27751
27755
27766
27777
27783
27796
27805
27824
27826
27827
27841
27853
27856
27859
27867
27871
27901
27904
27915
27918
27919
27932
27952
27970
27975
27999
28014
28017
28027
28048
28049
28056
28068
28070
28089
28095
28119
28126
28133
28141
28143
28154
28163
28174
28176
28178
28194
28201
28211
28219
28225
28227
28228
28230
28240
28243
28291
28292
28302
28309
28312
28314
28328
28362
28374
28379
28399
28401
28405
28423
28424
28426
28428
28443
28464
28476
28506
28520
28524
28526
28527
28541
28570
28578
28581
28583
28590
28593
28594
28601
28613
28614
28618
28631
28645
28649
28651
28670
28673
28675
28681
28685
28697
28700
28702
28709
28711
28720
28739
28742
28755
28758
28762
28763
28770
28783
28802
28813
28817
28821
28823
28826
28848
28858
28859
28885
28888
28889
28890
28891
28900
28906
28920
28922
28925
28931
28932
28942
28955
28966
28993
28994
29009
29020
29030
29049
29051
29063
29065
29073
29077
29094
29100
29102
29126
29127
29132
29135
29142
29144
29150
29152
29154
29156
29159
29171
29182
29196
29198
29201
29206
29207
29227
29242
29245
29265
29269
29283
29285
29286
29295
29297
29301
29309
29319
29327
29355
29360
29366
29369
29375
29383
29421
29422
29447
29466
29470
29472
29475
29476
29480
29481
29511
29518
29549
29553
29565
29571
29587
29602
29605
29606
29608
29633
29639
29642
29644
29650
29658
29670
29673
29674
29678
29683
29686
29690
29701
29711
29722
29734
29748
29755
29770
29777
29781
29801
29808
29809
29825
29829
29833
29843
29855
29864
29869
29877
29889
29915
29917
29922
29934
29951
29953
29961
29976
29988
29990
29994
29996
30003
30007
30021
30023
30036
30037
30047
30048
30053
30057
30059
30060
30061
30072
30083
30084
30090
30101
30106
30116
30126
30132
30148
30151
30159
30174
30176
30177
30187
30206
30217
30221
30231
30247
30249
30262
30270
30286
30302
30307
30321
30339
30342
30354
30355
30356
30370
30376
30413
30415
30418
30441
30450
30452
30453
30469
30472
30481
30486
30501
30518
30524
30532
30545
30547
30553
30555
30562
30564
30567
30574
30582
30588
30596
30598
30605
30616
30624
30628
30632
30642
30657
30667
30688
30695
30704
30708
30715
30724
30725
30726
30752
30754
30758
30772
30786
30803
30805
30806
30810
30822
30854
30865
30877
30881
30889
30913
30919
30928
30937
30945
30951
30958
30960
30963
30981
30983
30986
30996
30999
31005
31007
31012
31019
31023
31024
31038
31045
31075
31080
31082
31083
31085
31088
31093
31106
31113
31128
31132
31136
31139
31142
31159
31168
31172
31174
31197
31199
31205
31208
31211
31220
31225
31229
31233
31238
31243
31247
31256
31271
31280
31286
31300
31309
31310
31318
31328
31335
31371
31376
31387
31397
31402
31403
31419
31429
31438
31458
31464
31476
31477
31496
31505
31516
31524
31527
31540
31553
31569
31570
31572
31575
31579
31583
31585
31586
31605
31609
31611
31614
31615
31623
31624
31651
31654
31672
31677
31682
31691
31702
31708
31711
31719
31721
31726
31728
31730
31736
31755
31756
31759
31760
31762
31772
31776
31780
31782
31810
31815
31819
31828
31848
31856
31858
31870
31874
31886
31889
31898
31899
31902
31904
31911
31919
31928
31933
31939
31942
31960
31961
31963
31967
31968
31977
31988
31993
32009
32011
32038
32041
32046
32061
32063
32066
32071
32074
32079
32087
32095
32097
32115
32121
32127
32132
32137
32140
32152
32153
32157
32167
32185
32187
32191
32194
32197
32214
32217
32221
32230
32239
32242
32253
32255
32262
32268
32281
32288
32304
32327
32360
32362
32365
32382
32410
32426
32433
32439
32456
32461
32462
32478
32479
32483
32486
32498
32513
32514
32526
32537
32541
32570
32572
32590
32596
32611
32613
32619
32623
32631
32632
32639
32659
32670
32674
32680
32685
32690
32695
32699
32707
32728
32745
32756
32763
32767
32774
32778
32787
32791
32793
32805
32814
32820
32821
32835
32855
32865
32867
32885
32890
32903
32910
32920
32946
32950
32969
32974
32988
33001
33006
33008
33022
33032
33040
33041
33049
33054
33074
33078
33085
33090
33095
33096
33098
33105
33123
33134
33138
33156
33174
33176
33181
33187
33194
33211
33214
33225
33226
33228
33236
33243
33253
33295
33303
33304
33305
33312
33316
33320
33332
33341
33353
33360
33365
33382
33391
33400
33405
33438
33461
33486
33519
33522
33523
33534
33544
33557
33562
33573
33586
33592
33597
33605
33612
33614
33616
33617
33618
33628
33649
33655
33659
33668
33674
33697
33705
33709
33716
33717
33720
33741
33743
33747
33760
33766
33790
33797
33800
33802
33806
33811
33813
33814
33823
33825
33833
33836
33842
33844
33850
33861
33864
33874
33883
33897
33898
33908
33924
33943
33948
33954
33955
33958
33965
33967
33974
33980
33982
33994
34003
34008
34009
34042
34051
34057
34083
34092
34102
34118
34127
34150
34185
34220
34225
34243
34251
34252
34256
34271
34274
34277
34288
34298
34315
34316
34320
34331
34334
34337
34341
34344
34354
34372
34376
34394
34398
34425
34450
34453
34459
34462
34466
34484
34507
34511
34523
34549
34551
34556
34564
34584
34585
34594
34601
34604
34609
34617
34621
34630
34633
34684
34686
34697
34713
34727
34730
34740
34742
34748
34758
34759
34780
34781
34786
34795
34799
34802
34828
34830
34832
34837
34845
34846
34850
34860
34867
34879
34884
34887
34899
34930
34939
34944
34945
34977
35005
35018
35025
35040
35042
35052
35055
35065
35082
35116
35122
35133
35156
35165
35175
35177
35194
35195
35203
35215
35275
35286
35298
35305
35313
35315
35320
35332
35341
35346
35348
35354
35363
35365
35367
35370
35374
35383
35420
35440
35441
35450
35460
35465
35470
35480
35481
35496
35525
35532
35540
35543
35562
35591
35602
35612
35625
35626
35627
35639
35651
35656
35663
35679
35707
35711
35714
35730
35740
35744
35750
35753
35772
35779
35782
35784
35791
35793
35800
35805
35809
35813
35819
35825
35831
35833
35854
35872
35873
35884
35897
35898
35899
35905
35916
35921
35952
35959
35971
35986
35991
35994
35999
36002
36005
36009
36028
36030
36037
36042
36083
36087
36109
36127
36159
36174
36178
36181
36190
36193
36194
36217
36221
36233
36236
36241
36251
36259
36271
36278
36298
36299
36306
36312
36318
36343
36345
36358
36362
36363
36383
36433
36439
36459
36466
36472
36474
36486
36501
36504
36520
36526
36530
36556
36560
36566
36567
36573
36574
36586
36587
36594
36614
36621
36625
36626
36639
36651
36656
36663
36697
36702
36726
36727
36731
36734
36738
36750
36755
36764
36769
36779
36796
36811
36853
36861
36866
36875
36882
36900
36908
36915
36931
36942
36946
36947
36954
36964
36965
36975
36976
36983
37003
37008
37017
37021
37033
37039
37057
37086
37087
37104
37110
37159
37161
37164
37177
37203
37206
37209
37215
37223
37227
37271
37272
37279
37283
37284
37294
37302
37313
37330
37334
37340
37344
37349
37387
37403
37404
37412
37427
37436
37445
37488
37508
37514
37530
37565
37570
37573
37576
37597
37608
37614
37615
37635
37657
37660
37665
37669
37693
37714
37722
37726
37764
37771
37794
37819
37820
37829
37850
37852
37856
37875
37877
37891
37896
37900
37901
37902
37919
37927
37937
37938
37945
37946
37951
37964
37967
37993
37996
38002
38003
38016
38030
38039
38049
38082
38096
38139
38159
38165
38173
38177
38178
38185
38194
38198
38204
38206
38209
38216
38217
38218
38224
38227
38230
38258
38283
38285
38286
38294
38295
38312
38314
38319
38330
38335
38345
38354
38366
38383
38384
38396
38407
38409
38411
38422
38424
38446
38458
38462
38469
38475
38477
38482
38488
38492
38495
38496
38517
38523
38532
38542
38555
38559
38561
38566
38567
38568
38572
38574
38579
38586
38589
38592
38596
38600
38603
38609
38618
38628
38631
38633
38637
38642
38658
38662
38673
38677
38686
38689
38694
38701
38710
38712
38713
38716
38717
38721
38723
38724
38739
38752
38753
38761
38779
38781
38787
38788
38793
38796
38803
38804
38806
38814
38819
38820
38833
38836
38839
38845
38852
38861
38863
38874
38879
38880
38888
38890
38903
38924
38933
38947
38968
38979
38989
38991
38996
38998
39000
39004
39010
39017
39018
39022
39024
39039
39045
39057
39058
39063
39066
39094
39104
39108
39109
39133
39138
39145
39149
39156
39160
39164
39165
39168
39173
39177
39183
39184
39189
39205
39213
39216
39217
39223
39256
39260
39262
39270
39274
39298
39308
39316
39320
39323
39324
39362
39373
39379
39385
39389
39398
39402
39408
39415
39427
39430
39444
39449
39466
39473
39489
39491
39502
39503
39510
39519
39522
39529
39546
39567
39569
39572
39581
39587
39611
39628
39632
39634
39651
39660
39665
39667
39677
39691
39698
39704
39734
39746
39750
39758
39760
39762
39763
39779
39785
39788
39792
39793
39799
39827
39839
39844
39845
39848
39850
39863
39868
39871
39873
39886
39889
39899
39906
39907
39919
39931
39959
39961
39963
39988
39997
40016
40018
40024
40037
40045
40053
40057
40067
40075
40081
40083
40085
40103
40104
40105
40110
40111
40119
40121
40126
40135
40144
40149
40153
40154
40155
40162
40164
40177
40180
40196
40202
40207
40208
40211
40215
40218
40225
40233
40246
40250
40256
40258
40268
40271
40282
40283
40304
40310
40312
40314
40316
40318
40319
40333
40358
40377
40378
40397
40437
40466
40475
40476
40479
40524
40535
40537
40543
40558
40585
40611
40622
40680
40687
40690
40693
40697
40699
40709
40714
40716
40727
40736
40738
40742
40746
40751
40759
40770
40773
40778
40790
40801
40817
40822
40836
40837
40858
40865
40875
40883
40901
40907
40921
40927
40930
40931
40933
40935
40946
40948
40951
40958
40968
40970
40982
40992
41000
41004
41015
41034
41046
41054
41096
41097
41113
41118
41133
41135
41144
41146
41180
41181
41182
41190
41192
41193
41212
41224
41229
41247
41249
41253
41258
41266
41267
41311
41321
41324
41337
41350
41354
41366
41386
41387
41396
41420
41425
41439
41445
41451
41457
41464
41465
41466
41470
41474
41482
41487
41496
41511
41524
41526
41532
41533
41535
41536
41545
41550
41551
41571
41597
41602
41609
41610
41614
41624
41626
41627
41631
41668
41682
41688
41698
41710
41721
41722
41731
41738
41747
41750
41758
41764
41774
41821
41823
41854
41864
41881
41890
41896
41899
41905
41906
41910
41913
41932
41941
41945
41968
41972
41978
41989
41996
41997
42002
42020
42033
42035
42040
42041
42046
42064
42069
42075
42080
42092
42097
42103
42122
42123
42126
42131
42132
42143
42148
42151
42155
42181
42191
42197
42209
42210
42223
42230
42231
42258
42278
42280
42290
42298
42302
42304
42312
42313
42320
42324
42329
42337
42347
42351
42353
42355
42387
42388
42395
42400
42406
42411
42418
42434
42457
42488
42497
42503
42519
42528
42552
42558
42562
42568
42574
42576
42582
42593
42596
42600
42609
42611
42617
42622
42624
42641
42653
42654
42657
42658
42662
42670
42676
42683
42716
42719
42741
42743
42744
42750
42770
42773
42806
42824
42847
42862
42866
42878
42882
42899
42912
42924
42936
42942
42946
42985
43013
43061
43070
43077
43081
43087
43093
43096
43105
43109
43110
43113
43117
43118
43119
43126
43141
43147
43168
43175
43186
43187
43188
43190
43216
43222
43227
43236
43244
43245
43252
43253
43261
43277
43278
43288
43297
43312
43313
43317
43322
43332
43335
43340
43360
43386
43391
43396
43398
43416
43417
43429
43444
43477
43487
43495
43499
43506
43513
43533
43537
43554
43568
43575
43581
43584
43588
43590
43604
43609
43637
43638
43666
43681
43694
43697
43703
43705
43708
43739
43740
43748
43765
43768
43783
43803
43807
43815
43823
43824
43826
43846
43868
43879
43884
43886
43890
43894
43913
43936
43942
43943
43951
43960
43973
43977
43985
44004
44025
44028
44038
44051
44054
44057
44062
44068
44070
44080
44089
44104
44109
44110
44121
44128
44132
44133
44134
44140
44143
44150
44156
44158
44162
44172
44175
44183
44194
44203
44227
44230
44232
44234
44235
44241
44247
44248
44249
44273
44276
44286
44299
44326
44340
44341
44342
44348
44356
44366
44375
44384
44385
44388
44391
44406
44412
44414
44418
44421
44434
44436
44455
44475
44518
44524
44525
44543
44555
44567
44583
44587
44598
44604
44623
44624
44625
44632
44637
44638
44653
44655
44664
44666
44675
44687
44693
44694
44700
44708
44711
44718
44719
44729
44731
44737
44741
44742
44743
44754
44759
44760
44761
44764
44765
44766
44777
44779
44809
44820
44843
44851
44882
44887
44892
44913
44914
44915
44933
44954
44957
44983
44984
44997
45025
45031
45059
45062
45070
45100
45102
45104
45112
45122
45128
45158
45164
45168
45185
45198
45225
45226
45229
45235
45238
45243
45259
45264
45265
45266
45272
45283
45285
45293
45300
45315
45322
45329
45337
45340
45344
45350
45356
45362
45384
45397
45410
45413
45420
45427
45438
45456
45460
45484
45486
45493
45494
45495
45497
45501
45505
45506
45516
45517
45523
45524
45528
45556
45559
45562
45575
45580
45585
45590
45596
45597
45598
45603
45610
45623
45628
45647
45648
45659
45672
45676
45679
45681
45693
45698
45702
45705
45740
45764
45781
45785
45788
45792
45793
45794
45808
45816
45822
45828
45829
45845
45848
45849
45851
45857
45866
45869
45874
45875
45888
45891
45892
45901
45909
45910
45913
45914
45916
45917
45925
45935
45938
45947
45956
45977
45978
45982
45983
46000
46001
46006
46012
46015
46053
46055
46057
46067
46070
46075
46076
46081
46082
46085
46088
46094
46104
46120
46131
46134
46143
46146
46151
46153
46170
46186
46187
46192
46204
46208
46216
46218
46226
46236
46260
46262
46275
46277
46288
46301
46303
46317
46319
46325
46326
46329
46351
46352
46353
46354
46356
46376
46380
46400
46405
46426
46428
46439
46446
46449
46450
46460
46465
46480
46492
46501
46503
46508
46530
46539
46543
46549
46562
46565
46567
46581
46589
46594
46598
46614
46625
46626
46656
46666
46682
46689
46691
46693
46702
46721
46734
46759
46764
46773
46776
46779
46782
46785
46792
46800
46806
46812
46817
46822
46831
46834
46839
46841
46843
46856
46857
46861
46879
46884
46886
46904
46907
46909
46944
46951
46958
46962
46983
46990
46992
46993
46996
47004
47016
47020
47030
47033
47039
47042
47063
47067
47069
47073
47080
47085
47090
47093
47127
47132
47140
47142
47145
47146
47147
47148
47159
47166
47171
47179
47185
47192
47212
47216
47229
47233
47237
47238
47251
47270
47272
47278
47295
47298
47299
47300
47304
47321
47324
47328
47343
47354
47355
47362
47372
47379
47382
47386
47390
47428
47435
47449
47450
47451
47456
47458
47464
47465
47473
47490
47497
47499
47507
47508
47525
47530
47548
47553
47559
47576
47581
47591
47601
47605
47606
47615
47621
47623
47624
47627
47629
47632
47636
47638
47647
47652
47661
47664
47668
47678
47680
47681
47685
47690
47705
47719
47725
47736
47748
47751
47753
47761
47776
47779
47799
47805
47806
47807
47829
47830
47840
47851
47855
47858
47860
47862
47865
47874
47880
47884
47890
47900
47919
47930
47941
47945
47948
47950
47962
47963
48005
48016
48017
48037
48055
48067
48071
48084
48086
48090
48097
48106
48109
48132
48135
48144
48145
48147
48156
48158
48164
48171
48179
48182
48187
48207
48220
48225
48228
48290
48292
48293
48305
48310
48311
48312
48315
48327
48333
48336
48338
48346
48360
48361
48365
48367
48375
48381
48382
48387
48399
48431
48433
48437
48439
48441
48451
48455
48462
48479
48490
48504
48506
48512
48513
48516
48520
48531
48535
48543
48544
48548
48552
48591
48593
48607
48624
48634
48636
48648
48657
48670
48709
48714
48719
48720
48729
48730
48734
48741
48742
48746
48747
48756
48770
48806
48808
48858
48863
48865
48872
48875
48878
48882
48886
48888
48896
48905
48908
48909
48910
48913
48916
48919
48920
48949
48955
48960
48972
48973
48981
48989
48998
49026
49057
49089
49093
49106
49116
49129
49132
49140
49148
49149
49156
49159
49174
49182
49215
49230
49235
49236
49246
49256
49262
49263
49264
49265
49287
49297
49303
49306
49310
49313
49315
49317
49318
49344
49347
49357
49363
49365
49374
49379
49385
49399
49427
49433
49436
49444
49447
49454
49457
49461
49469
49470
49478
49498
49524
49525
49540
49542
49543
49544
49549
49560
49601
49611
49627
49635
49655
49659
49664
49667
49672
49695
49708
49714
49715
49722
49729
49731
49734
49745
49751
49758
49787
49792
49796
49800
49806
49814
49819
49821
49837
49857
49862
49877
49905
49907
49912
49917
49937
49953
49963
49967
49985
49993
